 60823.725 -8.9606e-2   -0.3283
 60824.848 -6.7204e-2   -0.2814
 60825.972     0.112 5.4869e-2
 60827.095    0.1344    0.1506
 60828.218   -0.1008 4.3704e-2
 60829.341   -0.1008 9.0602e-2
 60830.464 7.8405e-2 5.8001e-2
 60831.588     0.112   -0.1775
 60832.711 -8.9606e-2   -0.2444
 60833.834   -0.1008    0.1082
 60834.957    0.1456    0.3368
  60836.08 2.2401e-2 1.6377e-3
 60837.204    -0.168   -0.2206
 60838.327 -2.2401e-2 -2.5658e-2
  60839.45     0.168 7.4159e-2
 60840.573 8.9606e-2 -8.1774e-2
 60841.696   -0.1568 -8.8659e-2
  60842.82 -5.6004e-2     0.205
 60843.943     0.168    0.1944
 60845.066 2.2401e-2   -0.2067
 60846.189   -0.1344   -0.2536
 60847.312   -0.1568     0.106
 60848.436     0.112    0.3484
 60849.559    0.1232 -2.0419e-3
 60850.682 -6.7204e-2    -0.345
 60851.805   -0.1792    -0.148
 60852.928 7.8405e-2    0.2889
 60854.052    0.1904     0.188
 60855.175   -0.1008   -0.2105
 60856.298 -8.9606e-2   -0.1255
 60857.421    0.1232 9.8663e-2
 60858.544    0.2016 2.2462e-2
 60859.668 -8.9606e-2   -0.1519
 60860.791   -0.1232 7.8874e-2
 60861.914 6.7204e-2    0.2552
 60863.037    0.2128 -1.383e-3
  60864.16 -4.4803e-2   -0.3641
 60865.284   -0.1904   -0.1269
 60866.407    0.1008    0.3567
  60867.53 4.4803e-2    0.2108
 60868.653   -0.1568   -0.1189
 60869.776 -6.7204e-2   -0.1215
   60870.9 8.9606e-2 -5.0132e-2
 60872.023    0.1904 -6.8325e-2
 60873.146 -2.2401e-2    -0.108
 60874.269   -0.1904     0.133
 60875.392 4.4803e-2    0.3629
 60876.516    0.1904  2.609e-2
 60877.639         0   -0.4402
 60878.762   -0.1792   -0.2771
 60879.885 1.1201e-2    0.3122
 60881.008    0.1792    0.3858
 60882.132 -7.8405e-2 -9.1377e-2
 60883.255 -8.9606e-2   -0.2283
 60884.378    0.1232 -7.9669e-2
 60885.501    0.2128 -3.4095e-2
 60886.624 -1.1201e-2 -4.8932e-2
 60887.748   -0.1792    0.1629
 60888.871    0.1008    0.3356
 60889.994    0.1792 -6.084e-2
 60891.117 -7.8405e-2   -0.4393
  60892.24    -0.168   -0.1411
 60893.364     0.112    0.3656
 60894.487 5.6004e-2    0.2355
  60895.61   -0.1344   -0.1047
 60896.733         0   -0.1405
 60897.857    0.1232   -0.1156
  60898.98    0.1344 -8.2699e-2
 60900.103   -0.1008 1.3864e-2
 60901.226 -6.7204e-2    0.2752
 60902.349 7.8405e-2    0.2161
 60903.473    0.1568   -0.1819
 60904.596 -7.8405e-2   -0.4231
 60905.719    -0.168 -3.2704e-2
 60906.842    0.1456    0.4425
 60907.965 8.9606e-2    0.1888
 60909.089 -8.9606e-2   -0.2147
 60910.212   -0.1904   -0.2037
 60911.335 6.7204e-2    0.1155
 60912.458    0.1904 8.0976e-2
 60913.581         0   -0.1577
 60914.705   -0.1792 -6.3601e-2
 60915.828         0    0.2494
 60916.951     0.168    0.1433
 60918.074 -2.2401e-2   -0.2525
 60919.197    -0.112   -0.2083
 60920.321    0.1232    0.1374
 60921.444    0.1904     0.121
 60922.567         0 -9.589e-2
  60923.69    -0.168 -4.1154e-2
 60924.813 3.3602e-2    0.2042
 60925.937    0.2016 6.3814e-2
  60927.06 1.1201e-2   -0.2825
 60928.183   -0.1792   -0.1638
 60929.306 1.1201e-2    0.2831
 60930.429    0.1904    0.2568
 60931.553 -1.1201e-2   -0.1928
 60932.676 -7.8405e-2   -0.2485
 60933.799 1.1201e-2 3.2351e-2
 60934.922 1.1201e-2    0.1826