0 0
12 11
296 211
350 248
454 315
512 354
606 415
661 453
758 518
812 555
908 620
963 656
1061 723
1120 760
1218 823
1274 860
1376 930
1431 967
1528 1032
1582 1071
1678 1132
1738 1171
1830 1231
1886 1268
1981 1335
2084 1404
2187 1474
2246 1512
2340 1572
2398 1608
2488 1668
2542 1706
2633 1768
2693 1808
2791 1874
2848 1912
2940 1972
2998 2009
3090 2069
3192 2138
3248 2176
3332 2231
3392 2270
3492 2336
3551 2376
3644 2436
3700 2474
3790 2537
3847 2573
3938 2636
3993 2672
4101 2744
4163 2782
4252 2836
4307 2876
4396 2938
4455 2978
4584 3057
4614 3046
4639 3012
4657 2982
4694 2940
4720 2916
4759 2881
4784 2856
4820 2821
4842 2798
4880 2752
4923 2723
5012 2768
5080 2812
5181 2882
5240 2921
5324 2974
5380 3012
5474 3072
5528 3111
5620 3174
5678 3212
5776 3279
5832 3316
5927 3376
5983 3412
6074 3473
6129 3512
6220 3572
6276 3612
6375 3677
6434 3716
6528 3777
6587 3816
6680 3879
6734 3916
6826 3977
6882 4014
7020 4095
7054 4083
7078 4052
7092 4025
7126 3979
7199 3930
7248 3952
7356 4020
7420 4064
7517 4132
7572 4169
7670 4233
7729 4270
7824 4334
7882 4372
7978 4438
8032 4476
8122 4536
8228 4606
8286 4642
8380 4704
8438 4744
8527 4804
8584 4844
8684 4912
8791 4984
8849 5021
8944 5084
9003 5121
9094 5182
9149 5219
9238 5279
9294 5316
9386 5379
9444 5416
9539 5479
9598 5517
9688 5576
9742 5612
9831 5672
9885 5711
9983 5777
10098 5852
10208 5924
10265 5962
10354 6024
10410 6062
10500 6124
10558 6162
10650 6223
10708 6261
10803 6323
10862 6361
10958 6426
11014 6464
11104 6528
11160 6565
11248 6624
11311 6664
11428 6757
11415 6784
11376 6809
11344 6828
11302 6868
11278 6893
11244 6928
11219 6953
11179 6991
11154 7015
11118 7051
11093 7076
11052 7116
11008 7160
10983 7186
10940 7228
10916 7252
10880 7288
10856 7315
10817 7355
10792 7379
10750 7420
10724 7444
10684 7487
10661 7510
10622 7568
10660 7600
10746 7661
10816 7707
10913 7772
10969 7811
11068 7875
11195 7972
11187 7998
11156 8031
11126 8050
11088 8104
11128 8139
11220 8205
11290 8249
11388 8313
11444 8351
11533 8411
11592 8449
11686 8514
11744 8554
11869 8621
11907 8607
11931 8564
11966 8516
11992 8491
12034 8452
12060 8428
12098 8390
12122 8365
12162 8324
12188 8298
12230 8256
12255 8232
12293 8195
12318 8168
12362 8125
12389 8101
12432 8062
12457 8037
12496 7998
12523 7974
12564 7936
12590 7911
12630 7872
12655 7848
12696 7808
12720 7784
12760 7744
12784 7718
12824 7682
12848 7658
12890 7616
12938 7584
13022 7622
13092 7666
13208 7747
13270 7788
13358 7845
13414 7883
13506 7947
13563 7984
13664 8049
13724 8088
13819 8151
13875 8188
13972 8253
14028 8292
14126 8358
14180 8396
14296 8471
14356 8509
14451 8571
14506 8608
14600 8672
14656 8710
14753 8776
14811 8812
14904 8872
14962 8912
15062 8979
15118 9017
15216 9081
15271 9120
15373 9191
15432 9228
15532 9292
15590 9330
15688 9396
15744 9432
15842 9498
15897 9536
15993 9601
16052 9640
16154 9706
16212 9744
16303 9807
16357 9844
16454 9909
16509 9948
16614 10016
16674 10053
16768 10116
16826 10155
16916 10217
16973 10256
17082 10327
17140 10368
17255 10460
17245 10489
17214 10512
17188 10534
17146 10576
17123 10600
17086 10640
17060 10668
17016 10712
16991 10737
16950 10776
16924 10804
16886 10844
16861 10870
16822 10912
16796 10940
16759 10976
16736 11002
16690 11048
16666 11074
16628 11112
16604 11138
16563 11182
16535 11208
16497 11248
16474 11272
16436 11308
16414 11332
16375 11373
16347 11420
16412 11476
16478 11520
16584 11590
16647 11628
16742 11689
16800 11728
16892 11790
16948 11827
17044 11892
17102 11932
17195 11995
17255 12036
17351 12098
17413 12139
17507 12200
17564 12238
17656 12300
17712 12339
17828 12424
17806 12470
17780 12492
17734 12523
17710 12546
17671 12592
17647 12637
17717 12692
17787 12740
17896 12811
17959 12849
18048 12909
18104 12948
18194 13008
18251 13045
18342 13108
18400 13147
18500 13213
18561 13252
18694 13326
18726 13313
18744 13272
18760 13244
18794 13205
18820 13180
18860 13140
18887 13114
18924 13074
18967 13030
18993 13004
19036 12963
19060 12936
19096 12900
19120 12876
19168 12832
19194 12807
19228 12772
19254 12746
19295 12707
19321 12682
19362 12644
19388 12618
19425 12582
19450 12558
19491 12518
19515 12492
19553 12455
19580 12431
19627 12388
19652 12361
19716 12320
19772 12346
19884 12417
19952 12463
20045 12527
20100 12564
20196 12631
20258 12670
20361 12738
20421 12776
20511 12837
20566 12876
20622 12914
20712 12975
20769 13012
20877 13081
20936 13120
21033 13184
21092 13222
21186 13288
21242 13327
21340 13392
21398 13431
21500 13497
21559 13536
21659 13601
21715 13638
21803 13698
21859 13736
21957 13804
22016 13842
22116 13908
22175 13946
22270 14008
22326 14046
22422 14112
22478 14149
22577 14213
22637 14252
22732 14316
22792 14356
22898 14427
22953 14464
23049 14532
23107 14570
23196 14630
23254 14667
23356 14734
23416 14773
23508 14834
23564 14872
23656 14935
23715 14974
23824 15047
23886 15086
24001 15176
23988 15200
23944 15232
23912 15252
23874 15288
23851 15313
23813 15351
23787 15374
23747 15413
23722 15438
23686 15475
23660 15500
23619 15544
23595 15568
23552 15610
23527 15636
23490 15675
23465 15700
23426 15744
23400 15769
23360 15809
23336 15836
23296 15876
23272 15900
23236 15940
23212 15964
23171 16025
23211 16060
23316 16135
23384 16180
23481 16244
23536 16281
23624 16341
23682 16379
23783 16446
23862 16511
23840 16552
23811 16584
23887 16644
23956 16692
24069 16769
24126 16808
24254 16876
24286 16865
24306 16828
24322 16799
24358 16760
24386 16735
24412 16709
24452 16671
24476 16645
24516 16604
24543 16577
24583 16536
24608 16512
24646 16474
24672 16448
24711 16408
24736 16383
24774 16347
24799 16322
24836 16287
24862 16263
24903 16224
24928 16200
24970 16162
24996 16137
25042 16096
25068 16071
25108 16032
25135 16008
25180 15964
25204 15940
25240 15901
25265 15880
25332 15832
25385 15856
25488 15924
25606 16002
25667 16037
25760 16101
25819 16141
25911 16204
25966 16242
26072 16314
26128 16352
26228 16418
26287 16456
26382 16518
26440 16556
26536 16621
26592 16660
26690 16724
26794 16796
26852 16834
26948 16896
27008 16936
27098 16996
27154 17035
27252 17102
27308 17139
27398 17197
27459 17236
27554 17300
27613 17339
27718 17410
27773 17448
27862 17509
27919 17548
28012 17607
28068 17644
28172 17712
28232 17751
28323 17811
28378 17848
28467 17908
28523 17947
28623 18012
28682 18051
28775 18112
28834 18151
28923 18212
28979 18250
29076 18316
29136 18356
29236 18420
29295 18458
29391 18522
29452 18562
29535 18620
29616 18684
29596 18732
29547 18762
29520 18784
29480 18826
29456 18852
29420 18890
29394 18914
29354 18954
29328 18980
29291 19016
29266 19040
29228 19083
29202 19108
29159 19153
29136 19179
29100 19216
29075 19243
29034 19282
29012 19310
28976 19350
28950 19375
28912 19413
28889 19439
28852 19478
28828 19502
28787 19544
28763 19587
28839 19648
28906 19692
29008 19762
29070 19800
29159 19863
29217 19903
29310 19963
29372 20002
29466 20067
29524 20107
29619 20171
29710 20213
29750 20188
29776 20136
29797 20108
29840 20069
29867 20044
29906 20004
29931 19979
29966 19942
29990 19917
30028 19878
30053 19852
30088 19816
30112 19790
30148 19754
30176 19728
30223 19682
30249 19656
30288 19618
30312 19592
30350 19553
30376 19528
30417 19489
30444 19464
30484 19425
30510 19400
30548 19364
30575 19340
30614 19301
30636 19278
30676 19240
30724 19212
30817 19256
30886 19304
30988 19378
31047 19417
31139 19476
31200 19514
31299 19580
31355 19618
31447 19680
31504 19719
31596 19780
31656 19819
31750 19880
31808 19919
31907 19985
31962 20024
32053 20085
32110 20123
32200 20182
32258 20218
32363 20288
32422 20325
32514 20388
32568 20427
32666 20490
32722 20529
32830 20600
32890 20639
32984 20702
33043 20741
33134 20803
33189 20840
33280 20900
33336 20940
33436 21008
33495 21046
33590 21107
33648 21146
33744 21212
33800 21251
33890 21311
33946 21349
34040 21408
34096 21445
34188 21508
34246 21548
34346 21615
34429 21669
34499 21717
34555 21756
34648 21818
34708 21858
34805 21920
34866 21961
34960 22024
35020 22063
35137 22152
35128 22184
35092 22216
35062 22232
35020 22266
34995 22292
34954 22336
34929 22360
34895 22395
34868 22421
34831 22457
34805 22483
34762 22524
34736 22550
34696 22588
34672 22612
34636 22649
34611 22676
34574 22714
34550 22740
34512 22778
34486 22806
34448 22843
34424 22868
34386 22909
34360 22935
34323 22973
34300 22998
34258 23058
34292 23091
34384 23156
34452 23201
34558 23271
34615 23308
34700 23364
34759 23401
34852 23464
34910 23504
34996 23564
35056 23602
35150 23664
35211 23704
35304 23766
35362 23804
35446 23860
35500 23898
35631 23980
35662 23971
35685 23940
35704 23912
35748 23865
35775 23840
35814 23804
35839 23777
35880 23730
35904 23704
35946 23664
35972 23638
36009 23603
36035 23577
36076 23538
36104 23515
36146 23479
36173 23454
36212 23418
36238 23393
36276 23358
36304 23333
36348 23294
36374 23269
36416 23236
36443 23212
36482 23171
36507 23144
36551 23101
36576 23077
36615 23040
36639 23016
36702 22972
36758 22998
36870 23069
36936 23114
37022 23174
37080 23212
37181 23278
37242 23316
37332 23380
37388 23417
37480 23479
37538 23517
37638 23583
37696 23621
37790 23683
37848 23720
37932 23780
37990 23817
38088 23884
38144 23923
38236 23983
38295 24021
38389 24083
38448 24122
38546 24188
38600 24225
38691 24286
38748 24323
38849 24388
38907 24424
39000 24485
39056 24524
39144 24585
39201 24624
39300 24692
39357 24732
39467 24816
39458 24847
39423 24876
39394 24899
39354 24939
39330 24966
39296 25000
39269 25024
39224 25047
39194 25072
39156 25113
39138 25142
39093 25174
39064 25203
39035 25247
39011 25276
38974 25317
38950 25348
38914 25392
38896 25439
38964 25493
39032 25537
39148 25611
39206 25648
39291 25708
39344 25746
39443 25812
39502 25851
39596 25913
39654 25951
39740 26011
39794 26049
39884 26111
39940 26149
40041 26213
40119 26280
40099 26318
40076 26336
40040 26370
40016 26399
39980 26437
39948 26459
39914 26500
39891 26532
39852 26572
39826 26598
39788 26640
39764 26684
39832 26740
39899 26784
40007 26853
40068 26892
40168 26959
40225 26998
40307 27056
40380 27120
40360 27156
40335 27176
40292 27216
40266 27242
40227 27283
40200 27308
40163 27344
40136 27369
40092 27412
40068 27436
40030 27477
40004 27502
39960 27544
39935 27568
39898 27605
39870 27652
39938 27707
40055 27769
