0 0
1 1
2 5
3 9
5 16
9 28
11 35
14 40
15 46
17 53
27 75
33 89
39 103
46 115
50 123
53 131
57 138
61 145
65 153
68 161
72 168
75 175
79 181
83 189
87 196
91 203
95 209
98 217
101 223
104 229
108 237
112 244
115 250
119 257
122 263
125 270
128 277
132 283
135 290
139 297
143 304
146 309
150 317
153 323
156 329
159 336
163 342
167 349
170 355
173 361
176 368
179 374
183 381
187 388
190 393
193 401
196 408
199 415
203 421
207 429
210 436
213 443
215 449
219 457
223 464
226 470
229 477
231 485
235 492
239 498
242 505
245 512
248 518
252 525
255 532
259 537
262 545
265 551
268 557
272 565
276 573
279 580
283 585
286 593
289 600
292 606
295 613
299 619
303 626
306 633
309 639
312 645
315 653
319 659
323 665
326 673
329 680
332 687
336 693
339 701
343 707
347 714
350 721
353 728
357 735
359 741
363 749
367 755
371 761
374 768
377 775
380 781
383 789
387 795
391 801
394 808
397 815
400 821
403 828
407 834
410 841
413 848
416 854
420 861
423 868
427 873
430 881
434 887
437 893
440 900
443 906
447 913
451 920
455 925
458 933
461 939
464 945
467 953
471 959
474 966
477 973
480 980
483 986
487 993
490 1001
493 1007
497 1015
500 1021
504 1029
507 1036
511 1043
515 1050
518 1057
522 1065
525 1072
528 1079
532 1086
535 1093
539 1101
543 1108
547 1115
551 1121
554 1128
557 1135
560 1141
563 1149
567 1156
571 1163
575 1170
578 1177
581 1185
584 1191
587 1197
591 1205
595 1212
599 1218
602 1225
605 1232
608 1238
612 1245
615 1253
619 1260
623 1267
627 1273
630 1281
633 1288
637 1295
641 1303
644 1309
647 1317
651 1324
655 1330
659 1337
662 1345
666 1352
669 1358
672 1365
676 1372
679 1379
683 1385
687 1392
691 1399
694 1406
698 1413
701 1420
705 1427
708 1433
712 1441
715 1448
719 1454
722 1461
725 1469
728 1475
732 1482
735 1489
739 1497
742 1504
745 1511
748 1517
752 1525
755 1531
759 1538
763 1545
766 1552
769 1559
773 1566
776 1573
780 1581
784 1588
788 1595
791 1601
795 1609
799 1617
803 1623
806 1631
810 1637
813 1645
817 1653
820 1660
823 1667
827 1673
830 1681
834 1688
837 1695
840 1702
844 1709
847 1716
851 1723
855 1729
859 1737
863 1744
866 1751
869 1758
872 1765
876 1773
879 1780
883 1787
887 1793
890 1801
893 1808
897 1814
901 1821
903 1829
907 1835
911 1842
914 1849
917 1857
921 1864
924 1871
927 1878
931 1885
935 1893
939 1900
943 1907
947 1913
950 1921
953 1928
957 1934
960 1941
964 1949
967 1955
971 1961
975 1969
979 1976
983 1983
986 1990
989 1997
992 2004
996 2011
999 2017
1003 2025
1007 2032
1010 2039
1013 2047
1016 2053
1020 2061
1023 2069
1027 2076
1031 2083
1034 2090
1038 2097
1042 2104
1046 2111
1050 2118
1053 2125
1056 2133
1060 2140
1064 2147
1067 2154
1071 2161
1075 2169
1079 2176
1082 2184
1086 2191
1089 2197
1092 2205
1095 2213
1100 2220
1103 2227
1107 2234
1111 2242
1115 2249
1119 2257
1123 2265
1126 2272
1129 2279
1133 2287
1137 2295
1141 2301
1144 2309
1147 2317
1151 2324
1155 2331
1159 2337
1163 2345
1166 2353
1169 2360
1172 2366
1175 2373
1179 2381
1183 2388
1187 2395
1190 2402
1194 2409
1197 2417
1200 2424
1204 2431
1208 2437
1212 2445
1215 2453
1219 2460
1223 2467
1227 2475
1231 2483
1235 2490
1239 2497
1243 2505
1247 2512
1250 2519
1254 2527
1258 2534
1262 2541
1266 2549
1269 2557
1272 2564
1276 2571
1280 2577
1283 2585
1287 2593
1291 2600
1295 2607
1299 2614
1302 2621
1306 2629
1309 2636
1313 2643
1317 2650
1320 2657
1323 2665
1327 2672
1331 2679
1334 2686
1338 2693
1341 2701
1344 2707
1347 2714
1351 2721
1355 2729
1359 2736
1362 2744
1366 2751
1369 2757
1372 2765
1376 2773
1380 2780
1384 2788
1388 2795
1391 2802
1395 2809
1399 2817
1403 2825
1407 2832
1411 2839
1414 2846
1418 2853
1421 2861
1425 2869
1429 2877
1432 2884
1436 2892
1439 2899
1443 2906
1447 2913
1451 2921
1455 2928
1459 2935
1463 2943
1466 2950
1470 2957
1472 2965
1476 2972
1480 2980
1484 2987
1487 2994
1491 3001
1495 3009
1499 3016
1502 3023
1506 3030
1509 3037
1511 3045
1515 3052
1519 3059
1523 3067
1527 3075
1530 3081
1533 3089
1536 3096
1540 3104
1544 3111
1548 3118
1551 3125
1555 3133
1559 3140
1563 3147
1567 3154
1571 3161
1575 3169
1579 3176
1583 3183
1586 3191
1589 3197
1592 3205
1596 3213
1599 3220
1603 3227
1607 3233
1610 3241
1614 3249
1617 3256
1621 3263
1625 3270
1628 3277
1631 3284
1635 3291
1639 3298
1643 3305
1647 3313
1651 3321
1655 3328
1658 3335
1661 3342
1665 3349
1669 3357
1672 3365
1676 3372
1679 3379
1683 3387
1687 3394
1691 3401
1695 3409
1698 3417
1702 3424
1705 3432
1709 3439
1712 3445
1716 3453
1720 3461
1724 3468
1728 3476
1731 3483
1735 3491
1739 3497
1743 3505
1747 3513
1751 3520
1755 3529
1759 3537
1763 3545
1766 3552
1770 3560
1773 3567
1776 3574
1780 3582
1784 3589
1787 3597
1791 3605
1795 3612
1799 3618
1802 3625
1806 3633
1810 3640
1813 3647
1817 3654
1821 3661
1826 3671
1829 3678
1832 3685
1836 3693
1839 3701
1844 3708
1847 3715
1851 3723
1855 3730
1859 3737
1863 3745
1866 3753
1870 3760
1873 3767
1877 3774
1881 3781
1885 3789
1888 3796
1892 3804
1895 3810
1899 3817
1903 3825
1907 3832
1911 3839
1915 3845
1919 3853
1923 3860
1926 3866
1929 3873
1933 3881
1937 3887
1940 3894
1943 3901
1947 3909
1950 3916
1953 3923
1957 3930
1960 3937
1963 3945
1967 3953
1971 3960
1975 3968
1979 3975
1983 3983
1987 3991
1990 3998
1994 4005
1997 4013
2002 4021
2006 4029
2009 4037
2013 4044
2016 4052
2019 4060
2023 4067
2027 4074
2031 4081
2035 4089
2039 4097
2042 4105
2046 4112
2050 4119
2053 4126
2057 4133
2061 4141
2064 4149
2068 4156
2071 4164
2075 4171
2079 4178
2083 4185
2087 4193
2090 4201
2094 4208
2097 4215
2101 4222
2104 4229
2107 4237
2111 4245
2115 4253
2118 4260
2122 4268
2126 4276
2130 4283
2133 4291
2137 4298
2141 4305
2145 4313
2149 4320
2152 4327
2156 4334
2160 4341
2163 4349
2167 4356
2171 4363
2175 4369
2179 4377
2183 4385
2186 4392
2189 4399
2192 4405
2196 4413
2199 4421
2203 4428
2207 4434
2211 4441
2214 4449
2217 4456
2221 4463
2225 4471
2228 4477
2231 4485
2235 4493
2239 4500
2243 4507
2247 4513
2251 4521
2255 4529
2259 4537
2262 4544
2265 4551
2269 4559
2272 4566
2276 4573
2279 4581
2283 4589
2287 4596
2291 4603
2295 4611
2299 4618
2302 4625
2306 4633
2309 4641
2312 4648
2316 4655
2320 4663
2324 4670
2328 4677
2331 4685
2335 4693
2339 4700
2343 4708
2347 4715
2351 4721
2354 4729
2358 4736
2361 4743
2365 4750
2368 4757
2372 4765
2375 4773
2379 4781
2383 4788
2386 4795
2389 4802
2393 4809
2397 4817
2401 4825
2404 4832
2407 4839
2411 4846
2415 4853
2419 4861
2423 4869
2427 4876
2430 4883
2434 4890
2438 4897
2442 4905
2446 4913
2449 4920
2453 4927
2456 4934
2460 4941
2463 4949
2467 4957
2471 4964
2475 4971
2479 4978
2483 4985
2486 4993
2490 5000
2494 5007
2498 5014
2501 5021
2505 5029
2509 5036
2513 5043
2516 5050
2519 5057
2523 5065
2527 5072
2530 5079
2534 5087
2537 5094
2541 5101
2543 5109
2547 5116
2551 5123
2555 5129
2559 5137
2563 5144
2566 5151
2570 5159
2573 5165
2577 5173
2581 5181
2584 5188
2588 5195
2592 5202
2595 5209
2599 5217
2603 5224
2607 5232
2611 5239
2615 5247
2618 5254
2621 5261
2624 5269
2628 5277
2631 5285
2635 5292
2639 5299
2643 5306
2647 5313
2651 5321
2655 5328
2658 5335
2662 5342
2665 5349
2668 5357
2672 5365
2676 5373
2679 5381
2683 5388
2687 5395
2691 5401
2695 5409
2698 5417
2702 5424
2705 5431
2708 5438
2712 5445
2715 5453
2719 5460
2723 5467
2727 5474
2731 5482
2734 5489
2738 5497
2742 5505
2747 5513
2750 5521
2754 5529
2758 5536
2761 5543
2765 5550
2768 5557
2772 5565
2776 5573
2779 5579
2783 5586
2787 5593
2791 5601
2795 5608
2799 5616
2802 5623
2805 5629
2809 5637
2812 5645
2815 5652
2819 5659
2823 5666
2827 5673
2831 5681
2835 5688
2838 5695
2842 5703
2846 5709
2850 5717
2853 5724
2857 5731
2860 5738
2863 5745
2867 5753
2871 5760
2875 5767
2879 5775
2882 5781
2885 5789
2888 5797
2892 5804
2895 5812
2899 5820
2903 5827
2907 5834
2911 5841
2915 5849
2919 5857
2923 5864
2926 5872
2930 5879
2934 5886
2937 5893
2941 5901
2944 5909
2948 5916
2951 5923
2955 5931
2959 5937
2963 5945
2967 5953
2971 5961
2975 5969
2978 5976
2982 5983
2985 5991
2989 5997
2992 6005
2996 6013
2999 6019
3003 6027
3007 6033
3011 6041
3015 6048
3019 6056
3022 6063
3025 6069
3029 6077
3032 6085
3036 6093
3040 6101
3044 6108
3047 6114
3051 6121
3055 6129
3059 6136
3063 6144
3067 6151
3071 6157
3074 6165
3077 6173
3080 6180
3084 6186
3088 6193
3092 6201
3095 6209
3099 6216
3103 6223
3107 6229
3111 6237
3115 6245
3118 6253
3122 6260
3125 6266
3128 6273
3132 6281
3135 6288
3139 6295
3143 6302
3147 6309
3151 6317
3154 6324
3157 6331
3160 6338
3164 6345
3167 6353
3171 6361
3175 6368
3179 6375
3183 6382
3187 6389
3191 6397
3194 6405
3198 6412
3202 6420
3205 6427
3209 6435
3213 6443
3216 6449
3219 6457
3223 6465
3227 6472
3231 6480
3235 6487
3239 6494
3242 6501
3246 6509
3250 6517
3254 6524
3257 6531
3261 6538
3264 6545
3268 6553
3271 6561
3275 6568
3279 6575
3283 6583
3286 6589
3290 6597
3293 6605
3297 6612
3300 6619
3303 6626
3307 6633
3311 6641
3315 6648
3319 6655
3322 6662
3325 6669
3329 6677
3333 6685
3336 6692
3339 6700
3343 6707
3347 6713
3351 6721
3355 6729
3359 6736
3363 6743
3366 6750
3370 6757
3374 6765
3378 6772
3381 6779
3384 6785
3388 6793
3392 6801
3395 6808
3399 6815
3403 6821
3407 6829
3410 6836
3414 6844
3417 6850
3420 6857
3423 6865
3427 6872
3431 6879
3435 6886
3439 6893
3443 6901
3446 6909
3450 6916
3454 6923
3458 6931
3461 6937
3464 6945
3468 6953
3471 6960
3475 6967
3479 6974
3483 6981
3486 6989
3490 6997
3493 7004
3497 7011
3501 7018
3504 7025
3508 7033
3512 7041
3516 7048
3520 7056
3523 7063
3527 7071
3531 7077
3535 7085
3539 7093
3543 7100
3546 7107
3550 7114
3554 7121
3557 7129
3560 7137
3564 7144
3568 7152
3571 7159
3575 7167
3579 7174
3582 7181
3585 7189
3589 7196
3592 7203
3596 7211
3599 7217
3603 7225
3607 7233
3611 7239
3615 7246
3619 7253
3623 7261
3627 7268
3630 7276
3634 7283
3638 7290
3641 7297
3645 7305
3649 7313
3652 7320
3656 7327
3659 7334
3663 7341
3667 7349
3671 7357
3675 7364
3679 7372
3683 7379
3686 7385
3690 7393
3693 7400
3696 7407
3700 7414
3704 7421
3708 7429
3711 7436
3715 7443
3719 7449
3723 7457
3727 7465
3730 7472
3733 7479
3737 7487
3741 7496
3745 7503
3748 7510
3752 7517
3755 7525
3759 7533
3763 7540
3767 7547
3771 7554
3774 7561
3778 7569
3781 7576
3785 7583
3789 7591
3793 7598
3796 7605
3799 7613
3803 7620
3807 7627
3811 7635
3815 7643
3819 7650
3822 7657
3826 7665
3829 7672
3833 7680
3836 7687
3840 7694
3843 7701
3847 7709
3851 7716
3855 7723
3859 7731
3863 7738
3866 7745
3870 7753
3873 7761
3876 7769
3879 7776
3883 7784
3887 7791
3890 7798
3894 7805
3898 7813
3901 7820
3904 7828
3908 7835
3911 7842
3915 7849
3919 7857
3923 7864
3927 7872
3931 7879
3935 7887
3938 7894
3942 7901
3946 7909
3949 7917
3953 7924
3957 7931
3960 7938
3964 7945
3968 7953
3972 7960
3975 7967
3979 7974
3983 7981
3987 7989
3991 7996
3995 8003
3998 8010
4001 8017
4004 8024
4008 8031
4011 8037
4015 8045
4019 8052
4023 8059
4027 8066
4030 8073
4034 8081
4037 8088
4041 8095
4045 8101
4048 8109
4052 8117
4055 8124
4059 8132
4063 8139
4067 8146
4071 8154
4074 8161
4077 8169
4081 8177
4084 8185
4088 8192
4092 8200
4095 8207
4099 8214
4103 8221
4107 8229
4110 8237
4114 8244
4118 8252
4122 8259
4126 8267
4129 8273
4133 8281
4136 8289
4140 8296
4143 8303
4147 8311
4151 8317
4155 8325
4159 8333
4163 8340
4166 8347
4170 8354
4173 8361
4175 8369
4179 8377
4183 8384
4187 8391
4191 8398
4194 8405
4198 8413
4202 8420
4206 8428
4209 8435
4213 8441
4217 8449
4220 8457
4224 8464
4228 8471
4232 8479
4236 8488
4239 8495
4243 8502
4247 8509
4251 8517
4255 8525
4259 8532
4263 8539
4266 8546
4270 8553
4273 8561
4276 8568
4280 8576
4284 8582
4287 8589
4291 8597
4295 8604
4299 8611
4303 8621
4307 8628
4311 8635
4315 8642
4319 8649
4323 8657
4326 8665
4329 8672
4332 8679
4335 8686
4342 8699
4345 8706
4348 8713
4351 8717
4353 8717
4355 8717
4355 8717
4355 8717
4355 8717
4355 8717
4355 8717
4355 8717
4356 8717
4356 8717
4356 8717
4356 8717
4356 8717
4356 8717
4356 8717
4356 8717
4356 8717
4356 8717
4356 8717
4356 8717
4356 8717
4356 8717
4356 8717
4356 8717
4356 8717
4356 8717
4356 8717
4356 8717
4356 8717
4356 8717
4356 8717
4356 8717
4356 8717
4356 8717
4356 8717
4356 8717
4356 8717
4356 8717
4356 8717
4356 8717
4356 8717
4356 8717
4356 8717
4356 8717
4356 8717
4356 8717
4356 8717
4356 8717
4356 8717
4356 8717
4356 8717
4356 8717
4356 8717
4356 8717
4356 8717
4356 8717
4356 8717
4356 8717
4356 8717
4356 8717
4356 8717
4356 8717
4356 8717
4356 8717
4356 8717
4356 8717
4356 8717
4356 8717
4356 8717
4356 8717
4356 8717
4356 8717
4356 8717
4356 8717
4356 8717
4356 8717
4356 8717
4356 8717
4356 8717
4356 8717
4356 8717
4356 8717
4356 8717
4356 8717
4356 8717
4356 8717
4356 8717
4356 8717
4356 8717
4356 8717
4356 8717
4356 8717
4356 8717
4356 8717
4356 8717
4356 8717
4356 8717
4356 8717
4356 8717
4356 8717
4356 8717
4356 8717
4356 8717
4356 8717
4356 8717
4356 8717
4356 8717
4356 8717
4356 8717
4356 8717
4356 8717
4356 8717
4356 8717
4356 8717
4356 8717
4356 8717
4356 8717
4356 8717
4356 8717
4356 8717
4356 8717
4356 8717
4356 8717
4356 8717
4356 8717
4356 8717
4356 8717
4356 8717
4356 8717
4356 8717
4356 8717
4356 8717
4356 8717
4356 8717
4356 8717
4356 8717
4356 8717
4356 8717
4356 8717
4356 8717
4356 8717
4356 8717
4356 8717
4356 8717
4356 8717
4356 8717
4356 8717
4356 8717
4356 8717
4356 8717
4356 8717
4356 8717
4356 8717
4356 8717
4356 8717
4356 8717
4356 8717
4356 8717
4356 8717
4356 8717
4356 8717
4356 8717
4356 8717
4356 8717
4356 8717
4356 8717
4356 8717
4356 8717
4356 8717
4356 8717
4356 8717
4356 8717
4356 8717
4356 8717
4356 8717
4356 8717
4356 8717
4356 8717
4356 8717
4356 8717
4356 8717
4356 8717
4356 8717
4356 8717
4356 8717
4356 8717
4356 8717
4356 8717
4356 8717
4356 8717
4356 8717
4356 8717
4356 8717
4356 8717
4356 8717
4356 8717
