5938728 181 9428.000000 5645.000000 1.569749 9433.754836 5648.740443 1.565868
5066639 181 9430.000000 5645.000000 1.569051 9434.009728 5648.976550 1.565572
4183167 181 9430.000000 5854.000000 1.578301 9434.643203 5856.775295 1.576393
3254467 181 9278.000000 6289.500000 2.304707 9282.112616 6291.133577 2.307950
2314415 181 8676.500000 6579.000000 2.910860 8676.279081 6587.299993 2.903370
1283761 181 7807.000000 6831.000000 2.749068 7820.493721 6831.505236 2.745355
366359 181 7061.500000 7133.500000 2.875081 7077.486767 7129.738075 2.872282
16260164 181 6375.000000 7190.500000 3.364646 6394.762581 7195.769294 3.364449
15320111 181 5824.000000 6822.000000 4.097335 5817.209385 6821.233698 4.108213
14323436 181 5615.000000 6061.000000 4.619887 5600.262622 6065.190259 4.623305
13383384 181 5653.500000 5271.000000 4.963542 5648.227091 5267.913818 4.979488
12398031 181 6056.500000 4667.500000 5.634272 6060.446323 4659.534159 5.643578
11401343 181 6777.000000 4442.000000 6.273761 6777.319174 4436.728025 6.275515
10449975 181 7626.000000 4438.000000 6.231698 7630.398333 4432.340882 6.234158
9532579 181 8396.500000 4441.500000 0.168424 8405.820037 4437.391915 0.176683
8569882 181 9068.000000 4782.000000 0.826413 9081.872132 4792.108615 0.837896
7573207 181 9335.000000 5442.000000 1.460666 9346.030442 5459.349723 1.461654
6610504 181 9284.000000 6088.000000 2.195624 9279.934534 6086.723745 2.197489
5704425 181 8760.000000 6388.000000 2.797239 8746.650759 6384.741583 2.790859
4685099 181 7903.000000 6620.000000 2.958508 7905.760990 6618.938747 2.953966
3745047 181 7084.000000 6712.000000 3.106162 7083.774548 6710.013529 3.108542
2838979 181 6292.000000 6729.000000 3.186448 6295.037805 6729.287164 3.188987
1921583 181 5817.000000 6527.000000 4.089306 5820.877153 6527.369214 4.088209
936230 181 5709.000000 5859.000000 4.734555 5717.381872 5866.505823 4.733378
16739421 181 5805.000000 5042.000000 5.030213 5809.348753 5060.694446 5.032825
15765390 181 6225.000000 4579.000000 5.893453 6229.411849 4599.788615 5.896601
14802687 181 7024.000000 4421.000000 6.134309 7024.178091 4435.650916 6.134429
13839991 181 7855.000000 4338.000000 0.029845 7868.934783 4343.777359 0.032948
12899914 181 8596.000000 4538.000000 0.497244 8608.898592 4544.404784 0.501046
11937242 181 9201.000000 5041.000000 0.978606 9207.967049 5049.904485 0.987041
10963216 181 9377.000000 5715.000000 1.598198 9374.133481 5714.751450 1.594101
10023170 181 9164.000000 6384.000000 2.292141 9158.063194 6373.162809 2.288579
9083088 181 8582.000000 6653.000000 2.996905 8580.203316 6632.071201 2.983969
8086443 181 7718.000000 6749.000000 3.040364 7723.993940 6741.687701 3.029775
7180345 181 6989.000000 6963.000000 2.610663 7001.899683 6964.113955 2.603908
6296946 181 6409.000000 7203.000000 3.127630 6433.097688 7193.494840 3.120275
5402206 181 5928.000000 6991.000000 4.020715 5941.232127 6977.109945 4.016379
4394197 181 5827.000000 6373.000000 4.824788 5844.878103 6371.423461 4.813159
3408850 181 6019.000000 5529.000000 5.050808 6041.196626 5525.918444 5.057379
2400840 181 6459.000000 4819.000000 5.535486 6458.886458 4852.251404 5.527633
1381503 181 7180.000000 4442.000000 6.078284 7180.079456 4471.796857 6.074289
452784 181 7974.000000 4385.000000 0.034907 7973.270154 4401.533770 0.028494
16335255 181 8715.000000 4518.000000 0.371930 8708.133504 4526.301411 0.370766
15349884 181 9280.000000 4988.000000 1.082279 9284.486476 5003.350973 1.074696
14353239 181 9445.000000 5621.000000 1.526639 9445.736162 5618.859750 1.521465
13447189 181 9445.000000 5620.000000 1.526639 9447.173793 5619.957718 1.525584
12563765 181 9447.000000 5620.000000 1.526639 9448.168075 5620.810664 1.525694
