 73083.151    2.6358   20.3296         0
 73084.272    2.4711   18.3573         0
 73085.279    4.6127   16.6361         0
 73086.394    5.2717   17.1928         0
 73087.507    5.6012   18.3657         0
 73088.609    5.9307   19.7273         0
 73089.693    3.9538    21.248         0
 73090.763    3.2948   20.5857         0
 73091.854    2.8006   19.3095         0
 73092.978    3.6243   17.6296         0
 73094.041    4.7775   17.0562         0
 73095.162    5.7659   17.7353         0
 73096.284    5.7659     19.37         0
 73097.376    4.2833   20.7726         0
 73098.467    3.6243   20.4905         0
 73099.593    2.8006   19.5355         0
 73100.653     5.107   17.9194         0
 73101.748    5.4364   18.8174         0
 73102.868    5.7659   19.9724         0
 73103.992    5.9307   21.3431         0
 73105.045    3.4596   22.6484         0
 73106.112    3.1301   21.3375         0
 73107.235    2.9653    19.764         0
 73108.296    5.4364   18.2846         0
 73109.424    5.6012   19.5117         0
 73110.545    5.9307    20.759         0
 73111.603    3.2948   22.1328         0
 73112.634    4.9422    20.757         0
 73113.726    5.6012   21.1545         0
 73114.835    5.6012   22.2016         0
 73115.909    5.9307   23.1047         0
 73116.972    4.2833   24.2362         0
 73118.095    3.6243   23.5574         0
 73119.216    2.9653   22.2567         0
 73120.277     4.448   20.4995         0
 73121.369    5.6012   20.4175         0
 73122.443    5.7659   21.5144         0
 73123.522    3.1301   22.6635         0
 73124.584    4.1185   21.0261         0
 73125.676    5.2717   20.5455         0
 73126.768    5.6012   21.3061         0
 73127.891    5.9307   22.3484         0
 73128.982    3.6243   23.5889         0
 73130.109    3.1301   22.2781         0
 73131.197    2.9653   20.6455         0
 73132.289    4.7775   19.0227         0
 73133.414    5.2717   19.4619         0
 73134.477    5.7659   20.3236         0
 73135.598    5.7659   21.6503         0
 73136.661    4.9422   22.7688         0
 73137.749    3.4596   22.9442         0
 73138.872    3.1301   21.5352         0
 73139.873    2.9653   20.1027         0
 73140.974    4.1185    18.531         0
 73142.086    4.7775   18.3367         0
 73143.211     5.107   18.8591         0
 73144.301    5.6012   19.6423         0
 73145.303    5.7659   20.7506         0
 73146.425    5.4364   22.0294         0
 73147.454    2.8006   22.7537         0
 73148.575    3.9538   20.6726         0
 73149.693    5.4364    20.049         0
 73150.761     5.107   21.0148         0
 73151.853    3.2948   21.5531         0
 73152.913     4.448   20.2039         0
 73154.005    5.6012   20.1557         0
  73155.13    5.9307   21.3318         0
 73156.188    3.6243   22.6442         0
  73157.28    2.9653   21.4745         0
 73158.403    5.6012   19.7111         0
 73159.527    5.9307   20.9381         0
 73160.589     3.789   22.2975         0
 73161.711    3.6243   21.3109         0
 73162.712    3.4596   20.3701         0
 73163.833    2.8006   19.2599         0
 73164.894    5.6012   17.6742         0
 73166.017    5.9307   19.1442         0
 73167.079    4.1185   20.7009         0
 73168.172    3.4596   20.2567         0
 73169.292    2.9653   19.1609         0
 73170.364    5.2717   17.7373         0
 73171.476    5.7659   18.8424         0
 73172.599    5.9307   20.3449         0
 73173.692    5.4364   21.8078         0
 73174.785    3.9538   22.5988         0
 73175.877    3.2948   21.7737         0
 73176.996    3.1301   20.3285         0
 73178.002    2.8006    19.017         0
 73179.029    5.2717   17.5065         0
  73180.09    5.9307    18.591         0
 73181.183    5.2717   20.2545         0
 73182.241    3.9538   21.0246         0
 73183.366    3.4596   20.3562         0
 73184.481    3.2948   19.2532         0
 73185.551    4.2833   18.1528         0
 73186.671    4.6127   18.1766         0
 73187.798    3.4596   18.5454         0
 73188.859    4.7775   17.7004         0
 73189.978    4.2833   18.2982         0
 73191.102     4.448   18.3041         0
