 83425.336   20.2631   25.4393         0
 83426.456   20.2631    25.519         0
 83427.579   19.7689   25.5703         0
 83428.665   17.4625   25.1662         0
 83429.733   16.4741   22.9089         0
 83430.854   16.1446    20.528         0
 83431.977   15.9798   18.7824         0
 83432.979   15.9798   17.6973         0
 83434.101   15.9798   16.9618         0
 83435.224   15.9798   16.5346         0
 83436.349   15.9798   16.2883         0
 83437.471   15.9798   16.1475         0
 83438.597   15.9798   16.0667         0
 83439.706   17.6272   16.0212         0
 83440.777   21.0868   17.3668         0
  83441.87   20.4278   21.1567         0
 83442.992   20.0984   22.9645         0
 83444.118   20.0984    23.801         0
 83445.239   20.0984   24.3262         0
  83446.24   20.0984   24.6305         0
  83447.36   20.0984   24.8529         0
 83448.483   20.0984   24.9951         0
 83449.485   20.0984    25.078         0
 83450.606   20.0984   25.1387         0
  83451.69   18.2862   25.1765         0
  83452.76    17.133   23.6257         0
 83453.819   16.6388   21.6494         0
 83454.911   16.1446   19.9355         0
 83455.912   16.1446   18.5556         0
 83457.033   15.9798   17.6087         0
 83458.155   15.9798   16.9102         0
 83459.157   15.9798   16.5386         0
 83460.278   15.9798   16.2912         0
 83461.401   15.9798   16.1491         0
 83462.524   15.9798   16.0678         0
 83463.646   15.9798   16.0214         0
 83464.739   16.8035   15.9954         0
  83465.77   19.4394   16.6457         0
  83466.86   19.9336   19.2975         0
 83467.861   20.2631   21.2032         0
 83468.985   20.2631   22.8484         0
 83470.105   20.2631   23.8723         0
 83471.229   20.2631   24.5211         0
 83472.351   20.2631   24.9323         0
 83473.474   20.2631   25.1949         0
 83474.598   20.2631   25.3628         0
 83475.724   20.2631   25.4704         0
 83476.845   20.2631    25.539         0
 83477.937   16.8035   25.5821         0
 83479.059   16.1446   22.4903         0
 83480.186   15.8151   19.9679         0
 83481.309   15.9798   18.1575         0
  83482.43   15.9798   17.2314         0
 83483.521   15.9798   16.7023         0
 83484.644   15.9798    16.385         0
 83485.768   15.9798   16.2027         0
 83486.891   15.9798   16.0984         0
 83488.014   15.9798   16.0388         0
 83489.129   17.6272    16.005         0
 83490.231   19.2746   17.3869         0
 83491.324   19.9336   19.6064         0
 83492.446   20.0984   21.5701         0
 83493.569   20.0984   22.9277         0
 83494.694   20.0984   23.7773         0
 83495.814   20.0984   24.3108         0
 83496.938   20.0984   24.6503         0
 83498.062   20.0984   24.8662         0
 83499.185   20.0984   25.0036         0
  83500.31   20.0984   25.0914         0
 83501.432   20.0984   25.1473         0
 83502.495   17.9567   25.1816         0
 83503.616   16.4741   23.2743         0
 83504.709   16.1446   20.8032         0
 83505.831   15.9798   18.9495         0
 83506.952   15.9798    17.698         0
 83508.076   15.9798   16.9612         0
 83509.201   15.9798   16.5337         0
 83510.324   15.9798   16.2881         0
 83511.446   15.9798   16.1474         0
 83512.571   15.9798   16.0667         0
 83513.691   15.9798   16.0208         0
 83514.754   17.9567   15.9956         0
 83515.813   18.9452    17.613         0
 83516.938   19.6041   19.5008         0
 83518.059   19.9336   21.2125         0
 83519.185   20.0984   22.5614         0
 83520.307   20.0984   23.5456         0
 83521.429   20.0984    24.165         0
 83522.552   20.0984   24.5575         0
 83523.555   20.0984   24.7854         0
 83524.675   20.0984   24.9517         0
 83525.797   20.0984   25.0581         0
 83526.911   19.7689   25.1256         0
  83527.95   18.6157   24.8864         0
 83528.951   17.6272   23.7842         0
 83530.072   17.6272   22.0991         0
 83531.194   17.9567   21.0513         0
 83532.318   17.9567   20.6997         0
 83533.443   17.9567    20.485         0
 83534.564   17.9567   20.3547         0