81152.681     22.24  346.3123  350.0686
 81153.804     22.24  350.3285  350.0686
 81154.927     22.24  354.2261  350.0686
 81156.049     22.24  358.0058  350.0686
 81157.171     22.24  361.6751  350.0686
 81158.296     22.24  365.2471  350.0686
 81159.418     22.24  368.7064  350.0686
 81160.541     22.24   372.069  350.0686
 81161.665     22.24   375.338  350.0686
 81162.712   20.9221   378.299  350.0686
 81163.724   17.4625  379.7696  350.0686
 81164.816   15.6504  377.5888  350.0686
 81165.942   15.3209  373.3923  350.0686
 81167.065   15.1561  368.9623  350.0686
 81168.187   15.1561  364.4815  350.0686
 81169.308   15.1561  360.1344  350.0686
 81170.435   15.1561  355.8915  350.0686
 81171.554   15.1561  351.8022  350.0686
 81172.679   15.1561  347.8122  350.0686
 81173.802   15.1561  343.9474  350.0686
 81174.924   15.1561  340.2013  350.0686
 81175.925   15.1561  336.9539  350.0686
 81177.047   15.1561  333.4177  350.0686
 81178.171   15.1561  329.9825  350.0686
 81179.294   15.1561  326.6549  350.0686
 81180.417   15.1561   323.429  350.0686
 81181.481   17.9567  320.4641  350.0686
  81182.55   20.0984  320.5223  350.0686
 81183.632   21.2515   322.862  350.0686
 81184.752     22.24  326.4826  350.0686
 81185.876     22.24   331.099  350.0686
     81187     22.24  335.5749  350.0686
 81188.122     22.24  339.9081  350.0686
 81189.124     22.24  343.6678  350.0686
 81190.247     22.24  347.7626  350.0686
 81191.368     22.24   351.729  350.0686
  81192.49     22.24   355.582  350.0686
 81193.492     22.24  358.9273  350.0686
 81194.612     22.24  362.5633  350.0686
 81195.736     22.24  366.1064  350.0686
  81196.86     22.24  369.5469  350.0686
 81197.983     22.24  372.8854  350.0686
 81199.109     22.24  376.1367  350.0686
 81200.229     22.24  379.2785  350.0686
 81201.245   18.6157  382.0513  350.0686
 81202.319   15.9798  381.0656  350.0686
 81203.412   15.1561   377.249  350.0686
 81204.471   14.9914  372.7917  350.0686
 81205.596   15.1561  368.0059  350.0686
 81206.717   15.1561  363.5567  350.0686
 81207.843   15.1561  359.2174  350.0686
 81208.967   15.1561  355.0124  350.0686
 81210.087   15.1561  350.9454  350.0686
 81211.211   15.1561  346.9842  350.0686
 81212.338   15.1561  343.1307  350.0686
 81213.461   15.1561  339.4056  350.0686
  81214.58   15.1561  335.8051  350.0686
 81215.581   15.1561  332.6761  350.0686
 81216.703   15.1561  329.2694  350.0686
 81217.825   15.1561  325.9664  350.0686
 81218.949   15.1561  322.7589  350.0686
 81220.073   15.1561  319.6501  350.0686
 81221.101   18.4509  316.8912  350.0686
 81222.224   19.9336  317.6092  350.0686
 81223.348   20.7573  319.9461  350.0686
 81224.408     22.24   322.944  350.0686
 81225.532     22.24  327.6687  350.0686
 81226.656     22.24  332.2489  350.0686
 81227.781     22.24  336.6939  350.0686
 81228.902     22.24  340.9897  350.0686
 81230.027     22.24  345.1716  350.0686
  81231.15     22.24  349.2217  350.0686
 81232.271     22.24  353.1451  350.0686
 81233.396     22.24  356.9665  350.0686
 81234.517     22.24  360.6628  350.0686
 81235.641     22.24  364.2611  350.0686
 81236.766     22.24  367.7581  350.0686
 81237.888     22.24   371.145  350.0686
 81239.009     22.24  374.4319  350.0686
 81240.133     22.24  377.6333  350.0686
 81241.257     22.24  380.7434  350.0686
 81242.293   15.9798  383.5318  350.0686
 81243.409   15.1561  379.5665  350.0686
   81244.5   14.8267   374.912  350.0686
 81245.624   14.8267   369.887  350.0686
 81246.625   14.9914  365.5338  350.0686
 81247.746   14.9914  360.9742  350.0686
 81248.871   14.9914  356.5315  350.0686
 81249.992   14.9914  352.2343  350.0686
 81251.117   14.9914  348.0489  350.0686
 81252.176   19.2746  344.2226  350.0686
 81253.269   18.4509  344.9996  350.0686
 81254.392   18.4509  344.8633  350.0686
 81255.394   18.4509  344.7452  350.0686
 81256.485   18.7804    344.62  350.0686
 81257.605   18.7804  344.8589  350.0686
 81258.728   18.7804  345.0912  350.0686
 81259.852   18.7804  345.3169  350.0686
 81260.977   18.7804   345.536  350.0686
   81262.1   18.7804  345.7482  350.0686
