0.601068 0.788988 0 
-0.0102371 1.25595 0 
0.88862 0.19922 0 
-1.20224 0.707842 0 
-1.17578 1.4035 0 
1.06005 0.0409374 0 
0.150265 1.09077 0 
-0.0250748 1.50407 0 
-0.762228 1.27934 0 
1.04466 0.183981 0 
-2.26161 0.496742 0 
0.0321632 1.58996 0 
-0.51569 1.29628 0 
0.897753 0.0163833 0 
0.944459 0.163191 0 
0.0968747 1.10083 0 
0.747177 0.0124111 0 
-1.57723 1.22633 0 
0.339642 1.50253 0 
1.35926 -0.530318 0 
0.813587 1.10756 0 
-1.37247 0.864801 0 
1.11674 -0.138298 0 
0.99747 0.92132 0 
-2.30857 0.0345569 0 
0.896406 0.859059 0 
0.387946 1.25355 0 
0.692043 0.0744347 0 
1.01223 -0.0502347 0 
0.797576 -0.0267487 0 
0.336144 1.23526 0 
1.07344 -0.260737 0 
1.21981 0.0938265 0 
-0.766589 1.57825 0 
0.491416 1.32025 0 
0.841723 0.719498 0 
1.1099 0.887975 0 
1.09401 0.947753 0 
0.46679 0.890489 0 
-2.75533 0.196885 0 
0.762664 -0.0890404 0 
0.635435 0.215802 0 
0.476111 0.377076 0 
-1.52882 1.01148 0 
1.34326 0.505977 0 
0.724128 1.10979 0 
1.35962 0.622837 0 
0.504746 0.985676 0 
-1.22171 0.960735 0 
0.186349 1.20481 0 
1.17346 -0.0326026 0 
0.569208 1.35623 0 
-0.0257073 1.30357 0 
0.704371 0.966999 0 
-1.98554 0.03862 0 
0.905016 -0.0934042 0 
0.333027 1.44908 0 
0.996813 0.312091 0 
0.910755 0.579223 0 
0.242095 1.44359 0 
0.277124 -0.380538 0 
0.899944 0.181241 0 
1.1593 0.728876 0 
-2.15843 0.426329 0 
-0.600072 1.31844 0 
0.667732 -0.149893 0 
0.894195 0.350617 0 
0.648721 0.476608 0 
-1.88434 0.910079 0 
1.0473 -0.0281101 0 
-1.10196 1.42996 0 
-0.0764973 1.93997 0 
0.257368 0.936373 0 
0.735917 0.0615987 0 
0.951798 0.030005 0 
-1.91281 1.21076 0 
1.15412 -0.00788663 0 
0.684789 -0.357761 0 
-2.34947 0.349394 0 
0.417534 -0.215263 0 
0.442737 1.30439 0 
-1.03747 1.28426 0 
1.28065 0.432011 0 
1.3267 0.573728 0 
0.8105 0.685192 0 
0.979305 0.495426 0 
-0.0807226 1.56198 0 
-0.340465 1.52051 0 
0.940797 0.511188 0 
0.0278311 1.50608 0 
0.769617 0.843065 0 
0.984804 0.74047 0 
0.570235 0.912348 0 
1.09557 0.505425 0 
0.864338 0.135354 0 
1.15094 -0.0759882 0 
0.347636 1.11609 0 
-1.12155 1.46886 0 
0.667498 0.354647 0 
-0.7782 1.24594 0 
-0.192889 1.67958 0 
1.04979 -0.0883788 0 
0.828425 0.888571 0 
0.633493 0.773004 0 
0.512815 1.23838 0 
-0.287741 1.11195 0 
0.269105 1.3144 0 
1.00001 0.262165 0 
0.870363 0.395455 0 
0.812702 0.101495 0 
-0.493972 1.58694 0 
1.25334 0.208029 0 
0.684973 1.1646 0 
0.343538 1.08443 0 
0.174418 0.951847 0 
0.017757 1.30023 0 
-1.74741 1.10802 0 
0.130858 0.845127 0 
-0.0502771 1.15653 0 
0.600331 -0.136084 0 
0.887753 -0.409718 0 
0.0190093 1.26787 0 
0.239594 1.3066 0 
1.16879 -0.594994 0 
-1.6964 1.02973 0 
0.914387 1.10052 0 
0.3587 1.27706 0 
0.980929 0.151617 0 
1.2443 0.344302 0 
0.0521771 1.39664 0 
0.972029 0.0902726 0 
-0.209754 1.82245 0 
1.02965 1.02095 0 
-2.91721 0.420272 0 
0.118935 -0.296176 0 
0.888815 1.01912 0 
0.799846 -0.267847 0 
-1.93747 0.818774 0 
-0.0902584 1.25435 0 
0.762641 0.45465 0 
0.80071 0.787022 0 
0.703957 -0.546262 0 
1.22977 0.235396 0 
0.937697 -0.0777381 0 
0.623173 1.58351 0 
0.705745 -0.177594 0 
-0.0160882 1.62869 0 
-1.72659 1.15357 0 
0.72197 0.629751 0 
-1.42481 1.09501 0 
1.01172 -0.0772946 0 
-0.984673 1.40756 0 
1.01659 0.15376 0 
-0.931572 1.20352 0 
0.31735 1.07056 0 
1.23742 0.404389 0 
1.17603 -0.305228 0 
0.647149 1.6475 0 
0.490363 1.32982 0 
1.09943 0.0734577 0 
-0.933206 1.25527 0 
0.747236 0.534791 0 
0.0176386 1.33615 0 
-1.12909 1.4087 0 
0.309466 1.11159 0 
0.590652 1.5365 0 
-1.48032 0.95984 0 
0.404754 1.01649 0 
0.129286 1.24999 0 
0.610525 0.98547 0 
0.883543 0.552079 0 
0.992404 -0.172727 0 
1.09407 0.759825 0 
0.306024 1.07953 0 
0.505377 1.08214 0 
-0.366716 1.44743 0 
-0.0356938 1.52224 0 
0.814082 0.402651 0 
0.721375 1.25529 0 
-1.05403 1.18407 0 
0.496389 1.10302 0 
0.634669 0.68361 0 
0.520956 0.829932 0 
0.748218 -0.244486 0 
1.0655 -0.299118 0 
1.06045 0.176683 0 
0.626917 -0.402688 0 
0.140576 1.07397 0 
0.206184 1.46519 0 
1.01236 -0.58728 0 
0.927767 1.01608 0 
0.0853027 1.18566 0 
0.171239 1.42455 0 
0.536554 1.13109 0 
0.624667 0.944441 0 
-0.00458997 1.41232 0 
1.11464 -0.0401679 0 
0.337402 -0.365108 0 
0.592962 0.877823 0 
-2.28733 0.529565 0 
0.691044 1.18074 0 
0.59814 -0.156736 0 
1.03436 -0.268466 0 
0.961983 1.08743 0 
0.653104 1.2545 0 
0.792405 0.205099 0 
1.17155 0.494598 0 
-0.234475 1.64286 0 
0.906928 0.377187 0 
0.428231 0.999693 0 
0.410361 1.45812 0 
1.34229 -0.122099 0 
0.886988 0.240884 0 
1.10284 0.0478079 0 
0.90001 0.732869 0 
0.890421 -0.0288376 0 
0.723593 1.27133 0 
-0.460239 1.60129 0 
0.85692 1.1758 0 
0.583854 0.992024 0 
-0.384228 1.33416 0 
0.688852 0.409111 0 
0.733578 0.730626 0 
1.16 -0.270614 0 
0.612304 1.28961 0 
1.45769 -0.0667381 0 
0.778143 1.31285 0 
0.0127545 1.585 0 
1.23466 0.451759 0 
0.403392 1.27619 0 
0.853529 0.559462 0 
0.856152 0.296184 0 
0.918215 -0.175876 0 
0.526734 1.2009 0 
0.774016 0.92166 0 
0.717468 1.14849 0 
1.02388 0.824867 0 
0.896015 -0.0598623 0 
0.387155 -0.065154 0 
-1.19095 1.52061 0 
-0.0589172 1.47883 0 
0.11107 1.46943 0 
0.419966 1.28842 0 
0.254187 1.29597 0 
0.445089 1.09916 0 
-0.929669 1.06263 0 
0.95163 0.412655 0 
0.862486 -0.207104 0 
0.116811 1.7111 0 
1.05179 0.237214 0 
0.540347 1.29394 0 
0.76014 0.51874 0 
0.515455 1.2975 0 
0.0863292 1.55321 0 
-0.394801 1.11777 0 
0.681003 1.15683 0 
-2.22402 0.668745 0 
0.531135 0.0962951 0 
1.13172 0.969158 0 
-1.72695 0.661804 0 
0.124911 1.12495 0 
0.652853 1.09078 0 
-0.826733 2.03309 0 
0.507878 1.53162 0 
-0.000369181 1.22559 0 
0.745433 0.0185521 0 
0.923413 0.972188 0 
0.86219 1.12039 0 
0.221744 1.39057 0 
-1.45544 0.56254 0 
0.79844 1.03283 0 
0.947887 0.100142 0 
0.894493 -0.219098 0 
-1.62219 0.792563 0 
0.966135 -0.390156 0 
-1.8524 1.34443 0 
-0.750256 1.79125 0 
0.778785 -0.0816615 0 
-0.64177 1.31542 0 
-2.2729 0.85466 0 
-1.28432 1.28424 0 
0.931649 0.40105 0 
-0.349555 1.3685 0 
1.01618 0.651791 0 
0.64325 -0.3226 0 
1.10149 0.642987 0 
0.623764 -0.258528 0 
-2.14861 0.208156 0 
0.354818 1.44832 0 
-0.36421 1.62207 0 
-0.992556 1.52608 0 
0.606848 1.12662 0 
1.09095 0.233009 0 
-0.332644 1.8222 0 
0.951133 0.283561 0 
-1.31493 1.11139 0 
-1.5967 1.3284 0 
0.731743 0.40399 0 
-0.12812 1.27786 0 
-0.0189205 1.45262 0 
1.01603 0.0561141 0 
0.815495 1.14229 0 
0.64933 0.65115 0 
0.199765 1.25823 0 
0.329577 1.13749 0 
0.677588 0.595446 0 
1.12301 0.246629 0 
0.901323 -0.189379 0 
0.808353 0.674572 0 
0.636462 1.05936 0 
1.24233 0.0965333 0 
0.612437 1.14369 0 
0.878044 0.209736 0 
0.486156 1.1834 0 
0.767811 0.569403 0 
0.744586 -0.259542 0 
1.04028 0.25898 0 
-0.594414 1.37316 0 
1.06523 -0.0588787 0 
0.796001 0.672602 0 
1.20531 1.16115 0 
0.835776 -0.0602017 0 
0.311557 1.03137 0 
-0.85966 1.50378 0 
0.707427 1.00968 0 
-1.58806 1.52518 0 
-1.0733 1.27243 0 
-0.645798 1.67943 0 
1.02098 -0.0222735 0 
0.425225 1.28194 0 
0.74519 1.08427 0 
1.11061 0.267035 0 
0.551409 1.14342 0 
0.624473 1.25981 0 
0.674689 1.15252 0 
-0.768234 1.16544 0 
0.409611 -0.463611 0 
0.934148 -0.0341173 0 
0.13408 0.823187 0 
1.03244 0.338936 0 
-1.82073 0.755253 0 
-1.87542 1.02893 0 
1.19987 0.448646 0 
0.801288 -0.259464 0 
-2.04486 0.947167 0 
0.755735 0.420468 0 
0.975981 -0.161373 0 
0.55659 0.93615 0 
-0.724184 1.53323 0 
-1.32081 1.18545 0 
0.88782 1.08459 0 
0.310061 1.64876 0 
-1.21847 1.60776 0 
0.841302 0.49381 0 
-0.140029 1.53042 0 
0.0136226 0.982537 0 
1.01208 0.474444 0 
1.00083 0.798574 0 
-0.0369053 1.67635 0 
0.722841 -0.174246 0 
1.02487 0.665819 0 
-1.78355 0.791185 0 
1.12835 1.22375 0 
-0.881794 1.55475 0 
1.11189 0.529177 0 
-0.557885 1.53802 0 
-0.267159 1.69634 0 
0.671454 0.990395 0 
0.61106 0.00660281 0 
0.856309 0.266145 0 
1.04608 -0.115103 0 
0.629796 -0.190574 0 
0.968705 0.0715396 0 
0.847055 -0.215788 0 
-1.40066 1.03702 0 
0.505738 1.13767 0 
0.282092 1.43236 0 
0.738863 -0.272319 0 
0.8865 -0.0815106 0 
0.906757 0.504226 0 
-1.96412 0.569271 0 
1.30116 0.093463 0 
-0.174251 1.44213 0 
0.248262 1.27654 0 
0.606693 0.972308 0 
-0.313757 1.28941 0 
0.3286 1.10921 0 
1.06465 -0.0850389 0 
0.443567 1.49322 0 
-0.107606 1.34437 0 
0.912563 0.827344 0 
-1.07795 1.2563 0 
0.826307 0.0659822 0 
-0.190637 1.38237 0 
1.22275 0.747163 0 
-0.157529 1.39998 0 
0.935491 0.105507 0 
-1.30743 1.21256 0 
0.720554 0.638316 0 
0.947312 0.568125 0 
0.892143 0.435967 0 
0.75802 -0.257958 0 
-1.46922 0.790964 0 
0.509509 -0.352295 0 
0.854054 0.227773 0 
0.944057 0.741154 0 
-1.1034 1.51625 0 
0.458974 1.53698 0 
0.874972 0.437372 0 
0.900013 0.581504 0 
0.801822 1.16257 0 
1.03959 0.180186 0 
0.46744 -0.104714 0 
0.242432 1.12696 0 
1.21967 0.776031 0 
0.829921 0.621447 0 
-0.0893199 1.25414 0 
0.791455 1.07282 0 
-0.776523 0.974628 0 
0.578331 0.15077 0 
1.12588 0.0388595 0 
-2.35164 -0.0272639 0 
0.71809 1.6101 0 
0.189162 1.5833 0 
0.867196 0.70512 0 
-1.05268 1.35938 0 
0.35246 1.08947 0 
1.2259 -0.0364027 0 
0.956457 0.362677 0 
0.738717 -0.180983 0 
-2.57729 0.748037 0 
1.12513 0.533708 0 
0.285799 1.23395 0 
0.85194 0.611884 0 
0.933993 0.263324 0 
-1.13304 1.42385 0 
0.746698 1.05236 0 
0.994195 0.487271 0 
0.646053 -0.0946624 0 
0.479022 1.1357 0 
1.09105 0.147672 0 
1.46769 -0.331985 0 
0.0824708 1.53082 0 
0.747518 0.992066 0 
-1.94206 0.384064 0 
-0.896175 1.44631 0 
0.900622 0.338611 0 
0.915832 0.109701 0 
1.16417 0.142928 0 
0.977634 -0.20063 0 
0.818631 0.934908 0 
0.983319 -0.0262392 0 
0.527138 1.01112 0 
0.852039 0.107948 0 
-0.903424 1.44533 0 
0.446035 1.27865 0 
1.10767 0.169475 0 
1.14747 0.00106824 0 
1.1706 0.102372 0 
1.14374 0.835219 0 
1.38018 0.448918 0 
0.583799 0.919129 0 
1.01926 -0.047783 0 
-0.175892 1.18774 0 
-1.00754 1.93679 0 
0.105411 1.25752 0 
0.711838 -0.260072 0 
-2.21965 0.824005 0 
0.630619 1.13041 0 
-1.31522 1.06512 0 
0.769104 -0.220804 0 
1.48037 0.0399768 0 
0.310448 1.07438 0 
0.503235 -0.508487 0 
1.08846 0.106108 0 
0.273379 1.19163 0 
0.739324 0.167434 0 
1.04633 -0.339331 0 
1.07207 0.849079 0 
0.719637 -0.372083 0 
-1.89149 1.03655 0 
-2.03139 1.046 0 
0.684451 0.887589 0 
-2.01674 0.755006 0 
-1.60455 1.07183 0 
0.758055 0.896896 0 
-0.672125 1.74087 0 
-0.0726827 1.24379 0 
0.916049 0.603433 0 
-1.42419 1.50038 0 
0.623944 0.792812 0 
0.0352418 1.56607 0 
0.454797 -0.0868356 0 
1.14936 1.01514 0 
0.870119 0.508592 0 
1.46288 0.24336 0 
0.96817 -0.0693631 0 
1.17877 0.151207 0 
0.77456 -0.133468 0 
1.10431 0.152058 0 
0.722712 0.51367 0 
0.763723 1.15879 0 
0.856094 0.0530426 0 
0.118838 1.26724 0 
0.751275 0.101735 0 
0.594128 1.38201 0 
-0.701951 1.79809 0 
1.18863 0.282336 0 
1.254 0.403531 0 
-0.758649 1.02215 0 
1.11899 -0.213008 0 
-2.09746 0.399926 0 
0.481314 0.566857 0 
0.303916 1.12959 0 
0.945037 0.56607 0 
-2.04668 0.907317 0 
-2.44203 0.565293 0 
-2.4606 0.907119 0 
-0.140713 1.5829 0 
1.2404 0.499265 0 
0.817289 0.460774 0 
-1.18 1.67642 0 
0.3813 1.8861 0 
0.595096 0.85663 0 
0.424774 1.21662 0 
-0.477075 1.32155 0 
0.182177 1.26804 0 
1.15762 0.16334 0 
0.758667 1.22574 0 
-0.483397 1.41298 0 
1.19738 0.555566 0 
0.786403 0.164356 0 
-0.0926614 1.8305 0 
1.20196 -0.0596158 0 
0.612668 0.891612 0 
1.11967 -0.00928094 0 
0.823904 -0.404876 0 
-0.708929 1.35862 0 
-1.48692 1.46304 0 
0.655183 0.783437 0 
-1.48419 1.2661 0 
0.680415 -0.121016 0 
1.10091 -0.0962895 0 
0.865107 0.315119 0 
0.635721 -0.231391 0 
0.396304 -0.308161 0 
0.725715 0.28898 0 
0.351419 0.893661 0 
1.15793 0.34064 0 
0.913052 0.923257 0 
1.02856 0.600061 0 
0.90291 0.266543 0 
0.64554 1.16439 0 
0.793283 0.610137 0 
-2.07824 1.08355 0 
1.07983 0.620889 0 
-1.38666 0.956893 0 
0.855346 0.825199 0 
0.632471 0.800752 0 
0.926163 0.0883614 0 
-0.393918 1.70921 0 
0.603762 0.700761 0 
0.963348 -0.0301945 0 
0.222561 1.29222 0 
0.728899 0.94202 0 
1.12739 0.253085 0 
-1.57546 1.14115 0 
1.12984 0.290255 0 
0.72729 0.824523 0 
-1.66754 1.39819 0 
-1.82424 0.811706 0 
0.913037 0.419345 0 
0.211535 1.05038 0 
1.06754 0.467576 0 
-1.53788 1.35724 0 
0.234842 1.2575 0 
-1.9888 0.435523 0 
-0.161913 1.31828 0 
1.10388 0.364469 0 
0.589429 -0.461554 0 
0.953541 -0.15952 0 
0.952238 0.0404788 0 
1.34168 0.315144 0 
1.04928 0.150335 0 
0.402887 1.19912 0 
0.987913 0.741886 0 
0.726831 0.611193 0 
-2.47214 0.274173 0 
0.877629 0.94944 0 
0.613668 -0.348182 0 
-2.01569 0.304617 0 
0.830563 0.203754 0 
1.31212 -0.0740156 0 
0.861412 0.0651572 0 
0.752168 0.93293 0 
-1.10719 1.37271 0 
0.387125 1.3553 0 
-0.999651 1.18706 0 
1.06162 0.791588 0 
1.02585 0.744506 0 
0.640465 1.26454 0 
1.09944 0.639213 0 
1.23874 0.820991 0 
0.65254 0.0533237 0 
0.910165 0.775797 0 
1.11603 0.544605 0 
1.11612 0.286236 0 
-1.26979 1.01977 0 
0.681413 1.19386 0 
-0.0950399 1.49105 0 
0.224078 1.50593 0 
0.764501 0.485273 0 
0.65721 -0.430976 0 
-1.55216 1.66554 0 
1.14425 0.305758 0 
0.26511 0.607398 0 
0.658516 0.956458 0 
-1.10184 1.12006 0 
0.557985 1.73505 0 
0.913387 0.591322 0 
0.278923 1.58981 0 
1.16994 0.226717 0 
0.658325 0.793923 0 
0.678846 -0.103659 0 
-0.469777 1.58351 0 
-0.871794 1.50313 0 
0.851051 1.03264 0 
-0.0587586 1.87602 0 
1.1166 0.192217 0 
0.598975 -0.0711093 0 
-0.41554 1.30804 0 
-0.0230692 1.33468 0 
1.1948 0.502548 0 
0.892102 1.19826 0 
1.24387 0.649442 0 
0.668552 0.607237 0 
1.07606 0.289175 0 
0.870745 0.210985 0 
0.989349 0.102415 0 
0.936768 0.141512 0 
0.743326 0.886474 0 
0.453583 0.00432931 0 
-0.176132 1.50469 0 
0.884569 0.585769 0 
0.297136 1.59199 0 
0.635605 0.981681 0 
-0.142796 1.84471 0 
0.830416 -0.242399 0 
0.535511 -0.0619712 0 
-1.56548 1.36239 0 
0.408538 1.24764 0 
0.598599 1.07933 0 
-2.0247 0.662156 0 
-0.0498891 1.04125 0 
0.042077 1.20017 0 
0.922781 0.368837 0 
0.978533 0.58933 0 
1.17497 0.41862 0 
-0.568901 1.61356 0 
1.0102 0.265419 0 
0.31797 0.672805 0 
-0.672138 1.30013 0 
-0.0797012 1.36528 0 
1.18062 0.168537 0 
-0.0762653 1.26634 0 
-1.07734 1.99967 0 
1.35301 0.628052 0 
0.727256 -0.260436 0 
0.187404 1.21326 0 
0.335733 1.34221 0 
0.810522 0.293157 0 
0.903886 0.625844 0 
-1.13889 1.42088 0 
-1.96678 0.898615 0 
0.935785 0.820381 0 
0.821579 0.518208 0 
0.695252 1.10643 0 
0.157525 1.4714 0 
0.304249 1.04471 0 
0.868524 0.633592 0 
0.97518 0.665865 0 
-1.14508 1.66891 0 
0.828535 0.0416861 0 
-0.0539196 1.23437 0 
0.0513342 1.29903 0 
0.911934 0.315144 0 
-2.47668 -0.0545115 0 
0.778046 -0.342801 0 
0.928494 0.301084 0 
0.996107 -0.0825391 0 
0.886253 -0.34957 0 
1.33206 0.264668 0 
0.997489 0.406803 0 
0.221239 1.42384 0 
-0.363502 1.37383 0 
0.911183 0.870911 0 
0.125532 1.20461 0 
0.885538 -0.280958 0 
0.252076 1.27204 0 
1.31857 0.253151 0 
1.0171 -0.376915 0 
0.421176 1.09465 0 
0.775355 0.422997 0 
1.0584 0.00481289 0 
-0.842617 1.57275 0 
0.723942 -0.0669251 0 
0.532171 0.567647 0 
0.747288 0.45217 0 
1.01607 0.425929 0 
0.719903 0.0840283 0 
0.569436 -0.301327 0 
0.82716 -0.0781287 0 
1.12776 1.07759 0 
0.410645 1.30104 0 
1.10228 0.23583 0 
1.15007 -0.105364 0 
0.395065 1.30325 0 
-0.484492 1.48359 0 
0.76562 1.00262 0 
0.81901 0.0237559 0 
1.19545 0.507648 0 
0.0409523 1.15455 0 
-1.2771 1.79253 0 
1.2967 0.317718 0 
-0.062109 0.956726 0 
-0.343772 1.4144 0 
0.662989 1.16027 0 
-0.340683 1.49226 0 
0.623675 0.443335 0 
-0.188234 1.34093 0 
-0.723226 1.55954 0 
-1.05721 1.11045 0 
1.01108 0.268349 0 
0.528869 1.20442 0 
-0.928393 1.28857 0 
0.793251 -0.0226741 0 
0.993173 0.217095 0 
-0.100858 1.5137 0 
-0.561757 1.58813 0 
1.17244 0.800297 0 
1.05842 0.0276287 0 
0.904485 0.367862 0 
0.443261 -0.292021 0 
-0.440722 1.63335 0 
-1.42908 1.16151 0 
0.667074 0.384331 0 
0.356735 0.975404 0 
0.884735 0.248394 0 
0.462187 -0.47315 0 
0.64131 -0.120429 0 
0.9326 0.164894 0 
1.06498 0.336151 0 
0.696986 1.30531 0 
1.19755 1.90396e-005 0 
1.13268 0.327689 0 
0.612376 1.11651 0 
0.961797 0.753552 0 
1.15502 -0.129524 0 
-0.320588 1.45131 0 
-0.0844016 1.33238 0 
-1.66161 0.797518 0 
1.31824 -0.538072 0 
0.279019 1.04827 0 
-0.4236 1.38341 0 
0.428893 -0.283573 0 
0.493093 0.589538 0 
-0.548605 1.26413 0 
0.552518 -0.0392731 0 
-0.447801 1.49798 0 
1.19688 0.708391 0 
0.770655 -0.445951 0 
1.04828 -0.171529 0 
1.03055 0.479623 0 
1.07157 0.340309 0 
1.06626 0.318174 0 
0.314078 1.42776 0 
-0.499986 1.43242 0 
1.32159 0.0582589 0 
-1.1725 1.31132 0 
-1.62266 1.24042 0 
0.285912 1.48381 0 
0.891645 -0.513822 0 
0.698994 0.639273 0 
0.703135 1.29941 0 
1.1282 0.330233 0 
0.872531 0.881079 0 
0.778033 0.0245704 0 
0.919073 0.754955 0 
1.01334 0.205918 0 
0.833615 0.00330493 0 
0.942395 -0.194339 0 
-1.52695 1.33135 0 
0.418423 1.05022 0 
-0.792053 1.46163 0 
-0.272321 1.57454 0 
1.27013 0.687613 0 
-1.56679 1.37381 0 
0.319673 1.2196 0 
1.15682 0.651151 0 
0.925444 0.570552 0 
0.360042 1.14298 0 
0.867561 0.688786 0 
0.681565 0.89625 0 
1.02902 0.372971 0 
0.780938 0.302886 0 
-1.51268 1.01776 0 
0.277993 1.33467 0 
0.498346 1.04922 0 
0.418389 1.23997 0 
0.67774 1.29763 0 
0.658159 -0.232878 0 
1.04322 0.699419 0 
1.01275 -0.175805 0 
0.798876 0.849856 0 
0.944708 0.942856 0 
-0.391781 1.18331 0 
0.89568 0.893183 0 
-0.631823 1.65713 0 
-1.95844 0.860046 0 
-0.436939 1.46692 0 
-1.88248 0.688422 0 
0.725919 0.905463 0 
-0.987061 1.28758 0 
1.22556 0.717906 0 
-0.627831 1.45525 0 
0.897016 -0.192987 0 
0.774677 0.280925 0 
-2.40439 0.163966 0 
0.570988 -0.736173 0 
-1.28713 1.1084 0 
1.11232 0.449826 0 
-0.369795 1.63895 0 
0.972573 -0.399042 0 
-2.19203 0.305031 0 
0.709299 -0.329419 0 
0.951549 0.0744249 0 
-1.20809 1.33554 0 
0.833314 0.545264 0 
0.12635 1.63975 0 
0.951551 0.717543 0 
0.609217 1.33934 0 
0.504327 1.48104 0 
1.09785 0.868274 0 
0.668662 1.45951 0 
0.931119 0.92797 0 
1.25318 0.287562 0 
0.94601 0.190409 0 
1.16886 -0.216388 0 
-2.09643 0.710604 0 
-0.365016 1.59502 0 
1.1108 -0.237327 0 
-1.01285 1.4663 0 
-0.582584 1.20705 0 
0.912288 0.30476 0 
0.974553 0.0152913 0 
0.464971 -0.464696 0 
0.528795 1.35801 0 
0.550403 1.32128 0 
-0.820353 1.01376 0 
0.631897 1.15716 0 
1.32562 0.825566 0 
1.14473 0.262285 0 
0.227269 1.54343 0 
-0.807069 1.4867 0 
0.510495 1.06752 0 
0.479642 0.811159 0 
0.712645 -0.0257898 0 
1.28876 0.387876 0 
1.12248 0.474752 0 
0.878973 0.735168 0 
0.215298 1.11646 0 
0.719777 1.29734 0 
-1.48858 1.11997 0 
-0.939299 1.41515 0 
0.0409162 1.39601 0 
1.03005 0.226041 0 
-2.21247 0.492601 0 
0.796464 1.17444 0 
0.992249 0.20869 0 
-0.669118 1.39043 0 
0.596846 0.822066 0 
0.611383 1.03169 0 
0.938424 1.06511 0 
-2.60331 0.193596 0 
0.62028 0.934811 0 
0.92842 0.113857 0 
0.452962 1.03518 0 
0.34655 1.35784 0 
0.48539 -0.176824 0 
-1.80362 0.594494 0 
-0.513147 1.57129 0 
0.584953 0.931608 0 
0.526672 1.537 0 
0.894846 0.716088 0 
0.551967 0.840321 0 
-0.155728 1.1379 0 
0.38283 1.56808 0 
0.977036 0.657269 0 
0.964381 -0.0740964 0 
0.180272 1.22925 0 
0.0740945 1.57382 0 
1.123 1.00318 0 
-2.40229 0.663356 0 
-2.22908 0.532964 0 
-1.24302 0.878791 0 
-1.6027 1.48875 0 
1.244 0.246838 0 
0.128695 1.25876 0 
0.515089 0.809081 0 
0.93315 1.54132 0 
0.882109 0.215111 0 
0.577814 1.22517 0 
0.937983 0.287859 0 
1.25181 -0.185673 0 
-0.141831 1.63373 0 
0.515187 1.17779 0 
1.00829 -0.254252 0 
0.0014174 1.6908 0 
0.14698 1.06896 0 
0.486244 1.26221 0 
0.764873 -0.153627 0 
-0.134633 1.61668 0 
0.992481 0.754544 0 
0.286764 1.17241 0 
0.655981 0.889652 0 
-0.1984 1.82965 0 
0.971643 0.0706574 0 
-2.45774 0.152788 0 
0.569689 -0.283382 0 
0.355853 1.32299 0 
0.584456 1.12769 0 
-0.942974 1.74074 0 
-1.49137 1.29433 0 
1.10677 0.400529 0 
0.0907138 1.44235 0 
0.832141 1.08909 0 
-1.99703 1.0342 0 
-1.70843 0.863289 0 
0.506292 1.10459 0 
1.09029 -0.269082 0 
0.152996 1.35895 0 
0.594781 0.774702 0 
1.02175 0.673584 0 
-1.36569 1.24997 0 
-0.938403 1.40013 0 
0.65942 0.761711 0 
-0.210407 1.48919 0 
0.904381 0.161837 0 
-2.00543 0.400543 0 
0.711616 0.297383 0 
-2.58701 0.162924 0 
1.15621 0.112688 0 
1.05344 -0.0392859 0 
-0.634183 1.54642 0 
0.130008 1.41977 0 
-0.0384486 1.11431 0 
0.893387 0.126524 0 
-1.61926 1.05423 0 
-0.155005 1.20659 0 
0.737107 -0.412228 0 
0.35719 1.05217 0 
-1.68103 0.7188 0 
-1.20411 1.13887 0 
0.765144 0.261518 0 
0.751863 0.112722 0 
0.540677 -0.431976 0 
0.551207 -0.530651 0 
0.424391 -0.369692 0 
0.645476 -0.279349 0 
0.403539 -0.30128 0 
0.693392 -0.376636 0 
0.441176 -0.345889 0 
0.427588 -0.196372 0 
0.461258 -0.392645 0 
0.650049 -0.428868 0 
0.466717 -0.405856 0 
0.600534 -0.406778 0 
0.515443 -0.329973 0 
0.553021 -0.294354 0 
0.620914 -0.607268 0 
0.572668 -0.360131 0 
0.42824 -0.350852 0 
0.667972 -0.280855 0 
0.518943 -0.127069 0 
0.40076 -0.449151 0 
0.549961 -0.258069 0 
0.377931 -0.222091 0 
0.383979 -0.330948 0 
0.567281 -0.24904 0 
0.540066 -0.415816 0 
0.776409 -0.189352 0 
0.6273 -0.381913 0 
0.512873 -0.285482 0 
0.300988 -0.429796 0 
0.354464 -0.606704 0 
0.38953 -0.27633 0 
0.403671 -0.253458 0 
0.155621 -0.197951 0 
0.49872 -0.345396 0 
0.161008 -0.53522 0 
0.549777 -0.0726149 0 
0.419564 -0.124062 0 
0.546962 -0.343595 0 
0.446994 -0.29994 0 
0.396123 -0.640821 0 
-0.69801 -0.102673 1 
-1.15361 -1.08159 1 
0.03858 -1.55797 1 
-0.841306 -0.726646 1 
-0.53725 -1.07349 1 
1.35091 -1.55207 1 
-0.996483 -0.244484 1 
-0.745276 -0.676674 1 
-0.328664 0.185906 1 
-1.11143 -0.835185 1 
-0.688079 -0.0389206 1 
-1.19 -1.12421 1 
-0.641416 -1.26851 1 
-1.20044 -0.575892 1 
-1.03317 -0.36273 1 
-0.610634 -0.85198 1 
0.8624 -1.57336 1 
1.56101 -1.16901 1 
1.07178 -1.53283 1 
-0.823162 -0.718077 1 
-0.649232 -0.0047849 1 
-0.640402 -0.156636 1 
-0.275529 -1.62598 1 
-0.0218836 -1.51951 1 
-0.941979 0.166923 1 
-0.833598 0.058375 1 
0.254843 -1.53656 1 
0.918848 -1.13945 1 
-1.00119 -0.60224 1 
0.510302 -1.40874 1 
-0.121924 -1.40463 1 
-1.21106 -0.0865865 1 
-0.941479 -0.286134 1 
-0.945078 -0.393565 1 
-1.03161 -0.453107 1 
-0.677481 -0.936553 1 
0.582573 -1.36266 1 
1.48249 -1.57218 1 
0.416589 -1.45577 1 
1.77016 -1.24259 1 
-1.06404 -0.458717 1 
0.340936 -1.56847 1 
-0.964862 -0.537877 1 
-0.557297 -1.30211 1 
-0.313906 -1.11184 1 
1.83342 -0.84014 1 
-0.771912 -0.847412 1 
-0.658937 -1.15435 1 
-1.10092 -0.130748 1 
-1.0162 -0.0781443 1 
-0.516198 0.52214 1 
-0.449358 -1.53267 1 
-0.663429 -0.072101 1 
1.81754 -1.01142 1 
-0.596896 -1.7722 1 
-0.353068 -1.19879 1 
-0.69532 0.109592 1 
0.604084 -1.52281 1 
1.75746 -0.755881 1 
-1.1646 -0.414439 1 
2.2008 -0.983283 1 
-0.85434 -0.748377 1 
-0.739768 0.198688 1 
2.59278 -0.0972051 1 
-0.0972486 -1.4484 1 
-0.619239 -1.16173 1 
0.846832 -1.29196 1 
-0.709449 0.377031 1 
0.327997 -1.40311 1 
0.19788 -1.42738 1 
-1.04363 -0.697594 1 
-0.367071 -1.35068 1 
-0.626492 -0.840521 1 
0.0502323 -1.25025 1 
2.24392 -0.323713 1 
-1.23555 -0.549261 1 
0.669104 -1.23809 1 
-0.939148 -0.126752 1 
0.77792 -1.50664 1 
-0.939338 -0.786329 1 
-0.51709 -1.38774 1 
-0.441022 -1.24171 1 
0.246895 -1.6839 1 
-1.05352 -0.16883 1 
-1.22725 0.0751904 1 
1.65279 -1.57157 1 
-0.491666 -1.00689 1 
-0.433116 -1.09437 1 
-0.0836278 -1.16966 1 
-0.779306 0.16204 1 
-1.25438 -0.210029 1 
1.20984 -1.45113 1 
0.19832 -1.60775 1 
-0.604693 -1.21418 1 
-0.646106 -1.09785 1 
-0.694078 -1.24823 1 
-0.972135 0.368155 1 
0.540927 -1.55819 1 
-0.915977 0.0267742 1 
0.0886764 -1.50252 1 
-0.124049 -1.15975 1 
-0.281228 -0.81207 1 
-1.17041 -0.386041 1 
1.84973 -1.20517 1 
-0.359115 -1.49933 1 
1.6118 -0.759848 1 
1.62597 -0.772897 1 
1.99879 -0.254551 1 
0.714509 -1.56827 1 
-0.580458 -0.157304 1 
-1.19153 -0.685882 1 
2.44942 -0.414756 1 
-0.98641 0.31534 1 
1.39351 -1.1311 1 
-1.22045 -0.654791 1 
-1.03283 -0.423549 1 
2.39668 -0.478396 1 
-0.597732 -0.955034 1 
-0.78398 0.0210684 1 
-0.842277 -0.459761 1 
-1.13966 -0.319432 1 
-0.611403 -0.768444 1 
-0.782753 -0.464601 1 
-0.831346 -0.71629 1 
-0.778576 -1.13924 1 
-0.128546 -1.27514 1 
0.151955 -1.38033 1 
-0.0357533 -1.59457 1 
-1.15662 -1.09319 1 
-0.643437 0.214262 1 
-1.06662 -0.412031 1 
-1.09593 -0.795096 1 
0.823689 -1.52192 1 
-0.668877 0.0642321 1 
0.0629449 -1.41135 1 
-0.941864 -0.715573 1 
-0.8319 0.067199 1 
0.459769 -1.49929 1 
-0.290179 -1.15281 1 
2.00461 -0.737138 1 
2.32724 -0.630219 1 
-0.448496 -1.3559 1 
-0.818664 0.531699 1 
-0.712393 -0.426855 1 
1.87312 -0.519972 1 
1.14321 -1.28259 1 
-0.0710102 -1.61472 1 
-0.615027 -0.179468 1 
0.127361 -1.06607 1 
1.19851 -1.23925 1 
-0.353064 -1.17911 1 
-0.393004 0.422824 1 
-0.0509847 -1.41416 1 
-1.02521 0.263571 1 
-0.359757 -1.17308 1 
-1.00997 -0.707439 1 
-1.64567 -0.310166 1 
-0.319678 -1.74972 1 
-0.808608 0.41431 1 
-0.763166 -1.10468 1 
-0.920566 -0.020514 1 
-0.636158 -0.510304 1 
0.274388 -1.45448 1 
-0.739565 -1.12849 1 
-0.776825 -0.796415 1 
-0.838945 0.181919 1 
-0.875752 -0.0810231 1 
1.18123 -1.03267 1 
-0.969374 -0.96935 1 
1.6017 -0.707322 1 
-0.909656 -0.374898 1 
-0.938764 -0.570213 1 
-0.660264 -0.706907 1 
1.29655 -1.10675 1 
1.08471 -1.45537 1 
1.12084 -1.02109 1 
-0.805586 -0.793129 1 
-0.990897 -0.964366 1 
-1.0877 -0.240692 1 
1.6654 -1.14502 1 
1.08159 -1.39965 1 
-0.84184 -0.0191842 1 
1.52437 -0.966337 1 
-1.12217 -0.123563 1 
1.02576 -1.10166 1 
-1.14637 -0.459284 1 
-0.608277 0.378991 1 
1.2105 -1.68201 1 
-0.645177 -1.08875 1 
-0.304237 -1.38796 1 
-1.20967 0.174601 1 
-0.753189 0.064024 1 
-0.904226 -0.0208335 1 
-0.96393 -0.864118 1 
-1.13764 -0.639658 1 
0.838723 -1.24012 1 
-0.0486642 -1.45827 1 
1.90703 -0.377031 1 
-1.21532 0.115425 1 
-0.819423 -0.69822 1 
-0.955794 -0.388007 1 
-0.483425 -0.881952 1 
1.82265 -0.825012 1 
-1.0158 0.134787 1 
-1.07551 0.0635116 1 
-0.817495 -1.28058 1 
-0.867121 -0.964392 1 
-0.625001 -0.761351 1 
-1.16921 -0.361209 1 
-1.21783 -0.449198 1 
-0.882304 -0.617567 1 
-0.732075 -1.05704 1 
0.144644 -1.72368 1 
-0.920098 -0.0264507 1 
-0.61965 0.0688423 1 
-0.76198 -1.16235 1 
-0.710854 -1.30451 1 
-0.731508 0.252695 1 
-1.01446 0.269628 1 
-0.999979 0.489416 1 
-1.07691 -0.722955 1 
-0.898783 -0.44159 1 
-0.763539 -0.000689462 1 
2.74841 -0.108506 1 
-0.595457 0.15269 1 
2.20494 -0.367718 1 
-0.267716 -1.29125 1 
-0.934158 -0.150829 1 
-1.11679 -0.711849 1 
-0.673785 -0.822523 1 
-0.905183 -0.880889 1 
1.53299 -1.48141 1 
-0.883986 0.0803282 1 
-1.34974 -0.900304 1 
-0.388453 -1.2679 1 
1.57774 -1.15996 1 
-0.755608 -0.753493 1 
-1.10586 -0.920325 1 
-0.462348 0.284811 1 
-0.86557 -0.0105592 1 
-0.39272 -1.13209 1 
-0.63905 -0.420586 1 
1.0373 -1.48881 1 
1.27607 -1.28275 1 
0.323933 -1.64771 1 
-0.800577 0.194729 1 
1.691 -0.831307 1 
-0.254391 -1.34683 1 
-0.760821 -1.14147 1 
-1.07471 -0.413044 1 
-0.604753 -1.25911 1 
0.395412 -1.48844 1 
1.33307 -1.24322 1 
1.18736 -0.852206 1 
2.28484 -0.188257 1 
0.0972604 -1.64369 1 
-0.843912 -0.180975 1 
-1.08165 -0.137403 1 
1.11657 -1.36755 1 
-0.835033 -0.821256 1 
-0.932994 -0.461952 1 
0.429693 -1.5519 1 
-0.885856 -0.832959 1 
0.417597 -1.78412 1 
1.69373 -0.941917 1 
-0.494886 -0.675776 1 
-1.143 -0.37902 1 
-1.05515 -0.433639 1 
-0.632444 -1.2943 1 
0.914689 -1.40486 1 
2.53039 -0.27753 1 
-0.589324 -0.866444 1 
-0.90057 -1.10094 1 
-1.0045 -0.0839747 1 
-0.675772 -0.89136 1 
-0.624133 -0.365407 1 
-0.934019 0.275681 1 
-0.964403 -0.0137547 1 
0.411275 -1.31636 1 
-0.559396 -0.929272 1 
-0.0629608 -1.86841 1 
-0.668899 0.145091 1 
-1.091 -0.253481 1 
-1.07364 -0.601336 1 
-0.128933 -1.22289 1 
-0.912171 -0.258164 1 
0.235111 -1.89172 1 
2.65743 -0.708706 1 
-0.20757 -1.22106 1 
-0.911227 0.0457653 1 
0.48876 -1.37329 1 
1.22674 -1.44913 1 
-0.860157 -0.515386 1 
-0.927524 -0.505885 1 
-0.39045 -1.31703 1 
-0.652211 0.226548 1 
-0.895891 -0.535807 1 
-0.202948 -1.47533 1 
-1.00943 -0.29862 1 
-0.862015 0.300081 1 
-0.906689 -0.682817 1 
-1.17119 -0.292773 1 
-0.118258 -1.40674 1 
-0.357283 -1.34695 1 
0.182421 -1.68811 1 
1.8193 -1.014 1 
-1.0922 0.231249 1 
0.320072 -1.65554 1 
-0.969132 0.361673 1 
-1.19082 -0.0784501 1 
-1.0465 -0.594071 1 
-0.743134 -0.429932 1 
-1.11977 -0.246951 1 
-0.979726 -0.00458991 1 
-0.609169 -0.817569 1 
1.80265 -1.03511 1 
-0.707643 0.142437 1 
1.42632 -1.06094 1 
0.766387 -1.3972 1 
0.909882 -1.49826 1 
-0.334113 -1.25241 1 
-1.16162 -0.696687 1 
0.338713 -1.20548 1 
-0.9407 -0.631035 1 
-1.213 -0.437384 1 
1.14399 -1.41927 1 
-0.0194527 -1.16107 1 
-0.852969 0.376471 1 
-0.889733 -0.23298 1 
-0.626969 -0.140483 1 
-0.23523 -1.23474 1 
0.927972 -1.54907 1 
-1.27415 0.140455 1 
-0.265807 -1.24606 1 
-0.867441 -0.345596 1 
-0.941567 -0.195995 1 
0.871798 -1.28092 1 
-0.252942 -1.2257 1 
1.84958 -1.21699 1 
-0.33606 -1.73315 1 
-1.18353 -0.521747 1 
-0.712235 -0.838264 1 
0.00944145 -1.4949 1 
-0.972053 -0.0442992 1 
-0.144565 -1.21461 1 
-0.68822 0.237565 1 
-0.698895 -1.00867 1 
0.666772 -1.7251 1 
-1.09195 -0.247342 1 
-0.480923 -1.02259 1 
0.255099 -1.92588 1 
-0.949707 -0.733283 1 
0.847531 -1.10908 1 
-0.390478 -1.17094 1 
-0.323437 -1.20606 1 
-0.933674 -0.0849368 1 
0.659294 -1.311 1 
-0.697499 -0.595873 1 
-0.269478 0.405584 1 
-0.943428 -0.228312 1 
-0.557162 -1.29562 1 
-0.724329 -0.112623 1 
-0.564164 -1.02721 1 
-0.0636156 -1.58461 1 
-0.885401 -0.296247 1 
-0.795205 -0.669186 1 
-0.468686 -0.93023 1 
-0.127605 -1.00412 1 
-0.673752 -1.3349 1 
-1.05964 -1.03935 1 
-0.422129 0.251684 1 
-0.831427 -0.937002 1 
-0.262602 -1.23285 1 
-0.31616 -1.29141 1 
-0.516945 -1.29578 1 
1.81351 -0.991747 1 
-0.869019 -0.864055 1 
-0.605508 0.143187 1 
-0.851444 0.0758374 1 
0.846755 -1.4661 1 
0.309895 -1.34401 1 
-0.577743 -1.30157 1 
0.386123 -1.25782 1 
-0.449593 -0.950163 1 
-1.07841 -0.0815421 1 
0.196731 -1.49161 1 
-0.960155 0.0480612 1 
1.98077 -1.21787 1 
-0.0810904 -1.14941 1 
0.171058 -1.57255 1 
-1.30117 -0.136034 1 
-0.318454 -1.13511 1 
-0.85189 -1.06181 1 
-1.21225 -0.00212179 1 
-0.916879 -0.220022 1 
-1.37923 -0.31883 1 
-0.51549 -1.12422 1 
-0.696478 -1.22688 1 
2.44322 -0.144993 1 
0.226823 -1.34135 1 
-0.661546 -0.920404 1 
-1.27513 -0.821635 1 
0.560642 -1.28669 1 
-0.572368 0.386029 1 
1.92782 -1.23782 1 
-0.882388 -0.406452 1 
-1.0162 -1.18757 1 
-0.325008 0.429313 1 
-0.117795 -1.52079 1 
0.0936431 -1.63914 1 
-0.1502 -1.43943 1 
-0.524286 -0.914049 1 
-1.05628 -0.786911 1 
-0.893785 -0.487409 1 
-0.0563263 -1.2788 1 
-0.810526 -0.300124 1 
-0.818178 -0.553307 1 
-1.32117 -0.217017 1 
-0.882555 -0.142371 1 
-0.678967 -0.360268 1 
-0.504102 -1.39585 1 
2.22286 -0.383728 1 
-0.982666 -0.182957 1 
-0.804556 -0.885981 1 
-0.734587 -0.897363 1 
1.4968 -1.26175 1 
-0.931134 -0.696841 1 
0.40779 -1.54027 1 
-1.02149 -1.4464 1 
-1.08823 0.059578 1 
-1.09088 -0.497327 1 
0.13745 -1.87393 1 
-0.96054 -0.507262 1 
1.92932 -1.10993 1 
-0.656243 -1.0439 1 
-0.759765 -0.472347 1 
-1.32958 -0.517763 1 
-0.624493 -1.00084 1 
-0.575086 -0.304407 1 
-1.07949 -0.0859882 1 
1.35867 -1.50593 1 
-0.303483 -1.60096 1 
-0.0714323 -1.52597 1 
-0.820795 -1.14533 1 
-1.01473 -0.266696 1 
-0.766488 -0.781328 1 
-1.11538 -0.219969 1 
-0.556494 -1.02468 1 
-0.977397 -1.11831 1 
1.44416 -1.19014 1 
-1.074 -0.541165 1 
-1.03376 -0.714758 1 
-0.884545 -0.127695 1 
0.748243 -1.61679 1 
-0.407176 -1.26485 1 
1.95354 -0.957003 1 
-0.357289 -1.29664 1 
1.35491 -1.05556 1 
-1.09759 -0.391226 1 
-1.03556 0.334671 1 
-0.153556 -1.2091 1 
2.37061 -0.345098 1 
-0.660043 -0.620961 1 
-0.280328 -1.58841 1 
-0.949884 -0.188109 1 
-0.76215 -0.781219 1 
0.361856 -1.69559 1 
-0.885685 -1.07132 1 
-0.3261 -1.53148 1 
0.306671 -1.70245 1 
-0.389036 -1.62118 1 
-0.403832 -1.33003 1 
0.926039 -1.07798 1 
0.0633308 -1.51581 1 
-0.455671 -1.379 1 
1.17275 -0.98859 1 
0.409102 -1.26884 1 
0.110125 -1.12108 1 
-0.825352 -1.10929 1 
-0.876443 -0.341897 1 
-0.991136 -0.520423 1 
-0.820877 -0.221766 1 
0.682847 -1.16681 1 
-0.850622 -0.174521 1 
0.465046 -1.28096 1 
0.0672086 -1.52082 1 
-1.12136 0.0359202 1 
-0.770682 -0.788146 1 
-1.21288 0.14671 1 
-1.02612 -0.141951 1 
-0.221196 -1.16904 1 
-0.64172 -0.297946 1 
1.73901 -1.16758 1 
-0.168226 -1.4976 1 
-0.752892 -0.473593 1 
-0.817502 -0.422046 1 
-0.26479 -1.81489 1 
-0.371278 -1.06179 1 
-0.46762 -1.21965 1 
-0.509294 -0.779397 1 
0.244239 -1.54958 1 
-1.10785 -0.581664 1 
-1.43969 -0.00399117 1 
-0.0355418 -1.26536 1 
-1.08604 0.106433 1 
1.64959 -1.0022 1 
-0.0601196 -1.33191 1 
-0.82385 -1.11736 1 
-0.340045 -1.88793 1 
-0.976639 -0.365708 1 
-1.07075 -0.61315 1 
-0.694442 -1.16917 1 
1.34547 -1.09166 1 
0.260494 -1.46903 1 
-1.21906 -0.674431 1 
0.740317 -1.20739 1 
1.28321 -1.25629 1 
-0.573359 -1.12901 1 
-0.61072 -1.284 1 
2.24897 -0.499893 1 
-0.810335 -0.309019 1 
-0.817643 0.0649158 1 
-1.1672 -0.161297 1 
-0.900394 -0.233079 1 
-0.866373 -1.16214 1 
0.626364 -1.34775 1 
-0.442117 -1.50054 1 
-0.291922 0.532884 1 
1.97554 -0.40469 1 
-0.700378 -1.57973 1 
-0.180654 -1.52153 1 
2.25599 -0.88076 1 
-1.0791 -0.22181 1 
-0.333058 -1.04038 1 
-0.720731 0.0341353 1 
0.411158 -1.2863 1 
-1.03844 -0.800752 1 
-1.01789 -0.0153446 1 
-0.928804 -0.310354 1 
0.431543 -1.23116 1 
-0.288808 0.218421 1 
-0.1009 -1.04604 1 
-0.839451 -0.490001 1 
-1.00493 -0.794506 1 
-1.06783 -0.00222274 1 
0.564192 -1.24342 1 
-1.03953 -0.0126108 1 
-0.895787 -0.563392 1 
-0.641299 -1.39384 1 
-0.963529 -0.402938 1 
-0.937312 -0.885378 1 
-0.822222 -1.20901 1 
-0.718188 -1.09339 1 
-0.961861 -0.399029 1 
-0.899213 -0.812976 1 
0.970941 -1.42172 1 
-1.31103 -0.194657 1 
-0.714286 -1.2671 1 
1.72045 -0.659361 1 
-0.461276 -1.26275 1 
1.836 -0.836978 1 
0.849038 -1.28198 1 
-1.01841 -1.27283 1 
-1.01702 -0.185051 1 
-1.05361 -0.125936 1 
1.75305 -1.0004 1 
1.79742 -0.657611 1 
-0.415856 -1.33245 1 
-0.675201 -0.715317 1 
-0.526903 0.440636 1 
0.248059 -1.638 1 
-0.526401 0.0793908 1 
-0.399942 -1.34045 1 
0.577825 -1.35477 1 
-0.82815 -0.082233 1 
-1.10832 -0.0619569 1 
-0.932044 -0.874611 1 
-0.630811 -1.11555 1 
0.638067 -1.48805 1 
-0.781115 -0.851176 1 
-1.01289 -0.809984 1 
-0.931158 0.0157405 1 
-0.877407 -0.197043 1 
0.280401 -1.19606 1 
-0.689515 0.140946 1 
-0.595482 -1.29977 1 
-0.67268 -1.20013 1 
-0.965071 -0.665607 1 
-0.947189 0.269969 1 
-0.535288 -1.29895 1 
-0.636354 -0.811883 1 
-0.716933 -0.0287516 1 
-1.01048 -0.16603 1 
0.12434 -2.10894 1 
-0.653281 0.375989 1 
-0.906913 -0.00324399 1 
-0.737162 -0.0105188 1 
2.03157 -0.968835 1 
-0.446914 -1.05518 1 
-0.92017 0.355012 1 
-0.522336 0.223695 1 
-1.0285 -0.483003 1 
2.13059 -1.15685 1 
-1.15565 -0.326137 1 
-1.10878 -0.15836 1 
0.949343 -1.34767 1 
-0.370308 -1.15399 1 
-0.793543 0.0331053 1 
-0.344017 -1.18124 1 
-0.737968 0.322606 1 
-0.406036 -0.841365 1 
0.671791 -1.06625 1 
0.98129 -1.50331 1 
-1.08371 0.349571 1 
-0.15067 -1.32735 1 
-0.373397 -1.25051 1 
-0.0778042 -1.47099 1 
-0.712959 -0.609878 1 
-0.875264 0.0182566 1 
-1.05887 -0.67832 1 
-1.00545 0.323678 1 
-0.468632 -0.94116 1 
-0.72313 0.0701637 1 
-0.700137 -0.0342523 1 
-0.557661 -1.4345 1 
-0.267255 0.583617 1 
-1.03997 -0.390357 1 
-0.687539 -1.05333 1 
-0.562587 -1.42691 1 
-0.352953 -1.06578 1 
-0.945742 -0.0644634 1 
-0.582581 -1.28771 1 
-0.927111 -1.03483 1 
0.569125 -1.0073 1 
-0.403165 -0.992295 1 
-0.991892 -1.12995 1 
1.43872 -1.00995 1 
-0.990665 -0.598431 1 
-0.116621 -1.06943 1 
-0.781321 0.164941 1 
-1.1111 -0.203619 1 
0.163344 -1.51476 1 
-0.855415 -0.062785 1 
-0.412515 -1.27861 1 
0.587203 -1.48073 1 
-0.414671 -0.840213 1 
-0.114089 -1.22422 1 
-0.962608 -0.569127 1 
-0.813848 -0.604341 1 
-0.656095 -0.171404 1 
-0.91006 -0.0320809 1 
0.990522 -1.11178 1 
-0.874246 -1.09391 1 
-0.772192 0.244267 1 
-0.991457 -0.521134 1 
-0.853265 -0.253295 1 
0.643314 -1.77157 1 
-1.04236 -0.332832 1 
-0.432465 -0.934468 1 
0.333054 -1.23908 1 
0.153456 -1.20651 1 
-0.233273 0.157446 1 
-0.715283 -0.644406 1 
0.0287669 -1.48281 1 
0.438017 -1.48979 1 
-0.898096 -1.1689 1 
-0.733599 -0.762692 1 
-0.956746 -0.861634 1 
-1.38412 -0.0725164 1 
1.82553 -0.455161 1 
-0.66943 -0.656031 1 
1.34926 -0.967554 1 
1.85955 -0.97467 1 
-0.640701 -1.11096 1 
0.419883 -1.24946 1 
-0.938371 -1.30306 1 
-1.12499 -0.423445 1 
-0.63704 0.503206 1 
0.222081 -1.22758 1 
1.0463 -1.33928 1 
-0.623295 -0.415204 1 
-0.558101 -0.0551985 1 
-0.38296 -1.09771 1 
-0.912138 -0.847471 1 
-0.880424 -0.709323 1 
-1.01834 -0.700119 1 
-0.0711172 -1.58852 1 
-0.323627 -1.4781 1 
0.496604 -1.56741 1 
-0.731815 0.2152 1 
-0.506315 -1.25355 1 
0.185781 -1.29857 1 
2.51662 -0.120808 1 
-1.24418 -1.32141 1 
-1.10635 -0.331984 1 
-0.0213304 -1.61831 1 
-0.521519 -0.289956 1 
-1.04193 0.278997 1 
-0.61684 0.468033 1 
-0.574574 0.197537 1 
-0.870627 0.140889 1 
0.810942 -1.23306 1 
-0.942112 -0.902254 1 
1.76058 -1.31132 1 
-0.98791 -0.169241 1 
1.69106 -1.36734 1 
-0.83414 0.121413 1 
-1.00897 -0.348726 1 
-0.19192 -1.13842 1 
0.284025 -1.72215 1 
-0.669603 0.225149 1 
-0.553419 -0.69393 1 
1.06864 -1.18709 1 
-0.997885 -0.35282 1 
-0.697681 0.103998 1 
-0.994941 -0.406983 1 
-0.861503 -0.627383 1 
-0.861909 -0.631348 1 
-0.37444 -0.785201 1 
-0.481937 -1.12995 1 
-0.604911 0.333743 1 
-0.696927 -1.06562 1 
-0.713093 -0.130083 1 
-1.04765 0.17525 1 
-0.778881 -0.611217 1 
-0.455455 0.176435 1 
1.61695 -1.26675 1 
-0.910623 0.141333 1 
-0.754438 -0.249496 1 
-0.389417 -1.09695 1 
-0.653775 0.158156 1 
-0.79121 0.183633 1 
-0.657787 -0.729274 1 
-1.02125 -0.32808 1 
-1.48333 -0.477455 1 
2.18999 -0.943087 1 
0.355692 -1.63835 1 
1.34266 -1.34475 1 
-0.344992 0.50941 1 
-0.710734 -0.915011 1 
-0.823016 -0.968542 1 
-1.32863 -0.544461 1 
-0.810916 -0.929119 1 
-0.128625 -1.25037 1 
-0.568445 0.481269 1 
-0.407188 0.546507 1 
0.115295 -1.39294 1 
-0.848835 -0.830998 1 
-0.672951 -0.91945 1 
0.249434 -1.42674 1 
-0.981475 -0.106571 1 
-0.0675726 -1.04098 1 
-1.02459 -0.853219 1 
0.568077 -1.26547 1 
-0.737456 -1.49519 1 
-0.95631 0.316267 1 
1.39584 -1.51558 1 
-1.3381 -0.910202 1 
-0.420013 -1.15457 1 
-0.573434 -1.16034 1 
-0.209004 -1.21369 1 
2.06961 -1.25408 1 
-1.09163 -0.68756 1 
2.14641 -0.688239 1 
1.08258 -1.59576 1 
-0.626801 -0.721146 1 
2.17915 -0.197963 1 
-1.2895 -0.329924 1 
-0.855312 -0.210492 1 
0.093787 -1.46754 1 
-0.483235 -1.09984 1 
-0.842165 -0.531066 1 
-0.703845 0.145922 1 
-0.917084 -0.903586 1 
-1.02508 -0.625845 1 
-1.18516 -0.199775 1 
1.73064 -1.34097 1 
-0.729602 -1.00596 1 
-1.09912 -0.099855 1 
0.320543 -1.19704 1 
-0.774544 -0.977577 1 
-0.111246 -1.43086 1 
-1.11206 -0.510408 1 
-0.784835 0.337019 1 
0.37453 -1.33961 1 
-0.552928 -1.18322 1 
-0.984318 -0.496981 1 
1.10481 -1.36592 1 
-1.12713 -0.96097 1 
-1.17948 -0.392009 1 
-0.420154 -1.37891 1 
-0.907584 -0.503235 1 
-0.980674 -0.786863 1 
-0.69886 -0.794779 1 
1.83502 -1.34107 1 
-0.739215 -0.0319642 1 
0.247236 -1.25696 1 
-0.234948 -1.46748 1 
1.99264 -0.628962 1 
-0.758235 0.164898 1 
-0.936893 -0.319442 1 
-1.12173 -0.209448 1 
-1.14594 -0.491755 1 
-0.573764 -0.214337 1 
-0.592149 -1.1398 1 
0.928966 -1.49645 1 
-1.51645 -0.730405 1 
-0.419274 -0.633311 1 
-0.85393 -0.739559 1 
-0.842785 -0.590696 1 
-1.17657 -0.652766 1 
-0.983573 -0.880295 1 
1.45659 -1.54327 1 
-1.10158 -0.423914 1 
-0.674513 0.149635 1 
-1.02294 0.0523302 1 
-0.539718 0.106811 1 
-0.760159 -0.111739 1 
-1.17537 -0.661735 1 
-0.826969 0.372867 1 
1.79389 -1.24933 1 
-0.803531 -0.847192 1 
1.256 -1.49934 1 
-0.917791 -0.493083 1 
-1.01557 0.190246 1 
-0.54201 -0.969563 1 
-0.903296 -0.895302 1 
-0.769217 -0.557979 1 
0.800701 -1.51564 1 
-0.87437 -0.359778 1 
-0.433205 0.0807995 1 
-0.0711022 -1.2896 1 
-0.544178 -1.11932 1 
-0.54205 -0.704779 1 
-0.997823 -0.274704 1 
1.85835 -1.15795 1 
1.25116 -1.21956 1 
-0.101652 -1.06942 1 
0.648405 -1.22982 1 
1.23442 -0.861723 1 
-0.867754 0.00725721 1 
-0.815298 -1.20249 1 
-0.854234 -0.316517 1 
-1.13464 -0.721628 1 
-0.671246 -0.613022 1 
-1.01541 -0.338356 1 
-0.655721 -1.02061 1 
0.778698 -1.84998 1 
-0.417852 0.598956 1 
-1.24948 -0.205939 1 
-0.877853 0.189828 1 
-0.449007 -0.00893615 1 
1.2853 -1.22715 1 
-0.265881 -1.27558 1 
-1.18209 -0.224571 1 
0.0896259 -1.29734 1 
-0.754945 -0.00366829 1 
-0.99569 -0.536773 1 
-0.942048 0.0186051 1 
-0.150807 -1.11405 1 
0.880417 -1.32526 1 
-0.879969 -0.775674 1 
0.411527 -1.56332 1 
-0.86466 -0.257708 1 
-0.598945 -0.704977 1 
-0.77134 -0.725314 1 
-0.964306 -0.854994 1 
-0.524856 -1.16325 1 
-1.14968 -0.282772 1 
-0.808802 -0.0750707 1 
-0.80213 -0.144201 1 
-0.960121 -0.00477506 1 
-0.395609 -1.3149 1 
-0.355508 0.494205 1 
-0.919412 -0.521099 1 
-0.907027 -0.428438 1 
1.11473 -1.30792 1 
-1.22336 0.128277 1 
2.18368 -1.15101 1 
-0.964758 -1.04448 1 
-0.7339 -0.0683736 1 
-1.309 -0.275361 1 
-0.300857 -1.16018 1 
0.593461 -0.96231 1 
-0.365328 -1.2455 1 
-0.239433 -1.10443 1 
-1.3141 0.0325301 1 
-0.992663 -0.396839 1 
-1.00837 -0.0272326 1 
-0.651836 -1.09649 1 
0.352288 -1.3016 1 
-0.53569 -0.0840847 1 
-0.755035 -0.31674 1 
-1.33988 -0.460966 1 
-1.00626 -0.637009 1 
-0.659635 -1.19263 1 
1.38754 -1.40727 1 
-1.38709 -0.227248 1 
-0.659185 0.387508 1 
-0.802082 -0.523412 1 
-0.76968 -0.314569 1 
-1.05946 -0.173785 1 
-1.00576 -0.196898 1 
1.49509 -0.819829 1 
-0.621136 0.125272 1 
0.406316 -1.46883 1 
0.338663 -1.24002 1 
-0.593503 -1.15729 1 
-0.915401 -0.0709943 1 
1.12358 -1.15372 1 
-1.07001 -0.478075 1 
-0.52024 -0.91298 1 
-0.856164 -0.571758 1 
1.03362 -1.68428 1 
-0.495276 -1.07626 1 
-0.969677 -0.0711942 1 
-0.787655 -1.23891 1 
0.586605 -1.37464 1 
-0.898519 0.0190427 1 
-0.575543 -1.18075 1 
-0.992602 -0.0677216 1 
0.220046 -1.43662 1 
-0.737289 -1.21635 1 
-0.868415 -0.110418 1 
-0.801583 0.104078 1 
-1.11726 -0.488225 1 
0.0824261 -1.49885 1 
-1.26071 -0.874909 1 
-0.581138 -0.874824 1 
-0.926998 0.0459751 1 
2.48255 -0.111245 1 
1.50594 -1.1758 1 
-0.519037 -1.25182 1 
-0.398557 -1.29931 1 
-0.15942 -1.44434 1 
-0.157996 -1.6096 1 
-0.999943 -0.409589 1 
-1.02267 -0.0952323 1 
-0.443054 -1.41941 1 
-0.983167 -1.12787 1 
-0.433421 0.292216 1 
-0.579488 -0.981093 1 
-0.832466 -0.578393 1 
-0.173939 -1.35678 1 
-0.642932 -0.753075 1 
-0.444032 -1.22536 1 
-0.608163 0.211064 1 
-0.57635 -0.960644 1 
-1.15669 -0.456947 1 
-0.513259 0.4328 1 
-0.813286 -0.72392 1 
-0.910423 -0.799588 1 
-0.77383 -0.673036 1 
0.65444 -1.35964 1 
-0.848456 -0.03634 1 
-0.751137 0.352809 1 
1.71308 -1.1267 1 
-0.708526 -0.926133 1 
-0.40646 -1.18438 1 
-0.857679 -1.03373 1 
2.19087 -0.257571 1 
0.365933 -1.73145 1 
-0.563766 -1.08735 1 
-0.32711 -1.27187 1 
-0.715555 -0.724975 1 
-0.446625 0.381319 1 
-0.467549 0.439784 1 
-0.475728 0.676289 1 
-0.371411 0.186342 1 
-0.3076 0.363758 1 
-0.41709 0.193855 1 
-0.219395 0.246043 1 
-0.28744 0.315845 1 
-0.378556 0.286156 1 
-0.396791 0.299535 1 
-0.325137 0.453098 1 
-0.290338 0.532037 1 
-0.551518 0.195416 1 
-0.401566 0.175179 1 
-0.628115 0.350661 1 
-0.419319 0.256761 1 
-0.296321 0.389774 1 
-0.416826 0.420879 1 
-0.231069 0.159707 1 
-0.439743 0.241491 1 
-0.532424 0.316366 1 
-0.515493 0.166407 1 
-0.520018 0.18204 1 
-0.552345 0.380364 1 
-0.513385 0.308379 1 
-0.504921 0.36698 1 
-0.568109 0.463049 1 
-0.43104 0.203516 1 
-0.510923 0.423739 1 
-0.218018 0.333117 1 
-0.288234 0.519446 1 
-0.463355 0.373626 1 
-0.693491 0.194264 1 
-0.46771 0.376202 1 
-0.388181 0.275743 1 
-0.538157 0.221515 1 
-0.582184 0.560621 1 
-0.276047 0.336664 1 
-0.24826 0.414446 1 
-0.290242 0.16955 1 
