-0.16788 1.27726 0 
0.337958 1.25754 0 
0.98435 1.32601 0 
0.732402 0.81138 0 
-1.0532 1.59382 0 
-0.88327 1.47884 0 
0.568228 1.31152 0 
0.66658 0.137822 0 
-0.501661 1.31844 0 
0.913283 0.12035 0 
0.856828 -0.246051 0 
0.980001 0.544598 0 
0.585163 1.2361 0 
0.863205 0.751653 0 
0.711002 1.20122 0 
0.671026 0.542845 0 
0.780762 -0.237139 0 
-1.23673 1.44829 0 
0.32161 1.68252 0 
-0.25579 1.38571 0 
0.638686 1.22124 0 
0.835274 0.760968 0 
-0.0686015 1.53114 0 
-1.53076 1.18012 0 
-0.430114 1.58187 0 
0.327824 1.15545 0 
0.668734 1.50256 0 
-1.66349 1.53498 0 
0.859999 1.42396 0 
0.99265 0.331809 0 
0.464418 1.30618 0 
0.211609 0.791516 0 
0.754495 0.805504 0 
-0.0837797 1.70569 0 
0.589724 0.418486 0 
-0.0379258 1.42165 0 
-0.544581 1.743 0 
0.102625 1.4264 0 
-1.68138 1.12668 0 
0.879197 0.96814 0 
1.09621 0.0491511 0 
-0.201282 1.20541 0 
1.01777 0.429337 0 
0.369692 1.52165 0 
0.755531 -0.183705 0 
0.408433 1.36781 0 
0.0317271 1.02121 0 
1.0068 -0.110933 0 
0.814896 1.27006 0 
0.897896 -0.304231 0 
1.18764 -0.178067 0 
0.636946 0.859977 0 
0.913356 -0.0622838 0 
0.542185 1.17641 0 
1.08746 0.51 0 
-0.841663 1.40861 0 
1.13926 0.893522 0 
1.19928 0.402639 0 
1.09814 0.628415 0 
0.893183 0.0918064 0 
-1.99675 0.779123 0 
0.218295 1.26084 0 
0.0217964 1.05006 0 
0.174402 1.57006 0 
-0.143551 1.46783 0 
0.277489 1.48872 0 
0.841124 -0.582813 0 
-2.30466 0.563674 0 
0.544312 0.86805 0 
1.05694 -0.169183 0 
1.03995 0.506594 0 
1.15087 0.51068 0 
0.796588 0.420977 0 
0.276799 0.80236 0 
0.604649 0.440663 0 
-1.92293 1.03727 0 
0.80541 -0.207782 0 
0.758148 0.0546014 0 
0.845944 1.40591 0 
-0.0271078 1.37324 0 
1.15028 0.17686 0 
0.82986 0.339356 0 
0.965267 0.539782 0 
0.320319 0.190015 0 
-2.14582 0.961027 0 
0.765762 0.698375 0 
0.779855 0.713419 0 
0.963195 0.365897 0 
0.634565 -0.180023 0 
1.24073 0.595726 0 
0.850098 0.292933 0 
0.67809 -0.470424 0 
0.582901 1.13688 0 
0.690424 -0.334043 0 
-0.974924 1.70126 0 
0.816438 1.35801 0 
0.451903 1.6478 0 
0.980854 -0.21459 0 
0.878002 -0.0556964 0 
0.971442 0.81776 0 
1.0862 0.841621 0 
0.466278 1.05229 0 
0.818304 0.8297 0 
0.969207 1.16079 0 
0.665712 1.08694 0 
0.81952 0.801613 0 
1.11317 0.708171 0 
0.744643 -0.00946351 0 
0.97579 0.739796 0 
1.14393 -0.302999 0 
0.958325 0.88704 0 
0.846716 -0.173522 0 
-1.38131 1.43675 0 
-0.900134 0.988086 0 
0.783612 -0.347303 0 
-0.916964 1.64134 0 
0.858717 0.590285 0 
1.06271 -0.117268 0 
-0.377097 1.91192 0 
0.434723 1.12309 0 
1.25004 0.00547672 0 
1.09029 0.100091 0 
-0.784555 1.6714 0 
0.828504 1.17523 0 
-0.607777 1.61447 0 
0.888964 -0.335287 0 
-0.526215 1.78456 0 
0.470152 -0.393348 0 
0.206243 1.19398 0 
0.99291 0.82744 0 
0.58875 -0.473537 0 
0.856764 0.166232 0 
0.687789 0.727673 0 
-2.14441 0.857545 0 
0.999322 0.256882 0 
0.720206 0.852734 0 
-0.216174 1.44972 0 
1.18994 1.08284 0 
0.820305 0.393909 0 
1.06526 1.1106 0 
0.914927 1.4309 0 
0.00101099 1.41749 0 
1.01148 -0.0766224 0 
1.0561 0.1176 0 
1.02974 0.0996538 0 
0.93445 1.07475 0 
0.804097 0.491708 0 
0.503417 0.863529 0 
-0.0417287 1.67332 0 
0.61195 1.42513 0 
0.782282 -0.405627 0 
0.971169 0.648067 0 
-0.976672 1.8582 0 
0.45182 0.771108 0 
1.23288 1.20925 0 
0.862499 0.227004 0 
0.466401 0.863895 0 
-1.96988 0.858924 0 
1.07636 0.0366607 0 
-0.355355 1.60279 0 
-2.27109 0.792297 0 
0.622531 0.860986 0 
0.681774 0.841379 0 
0.763857 0.809762 0 
0.919632 0.246876 0 
0.992637 0.351028 0 
1.01687 0.117602 0 
1.31961 0.504502 0 
-1.81093 0.817895 0 
0.968371 0.40666 0 
0.841491 0.33648 0 
0.831449 0.333304 0 
0.954658 0.965595 0 
1.01636 -0.0659964 0 
0.135401 1.59742 0 
1.03157 0.105852 0 
0.807366 0.0922435 0 
1.03999 0.827286 0 
-2.41211 0.649501 0 
1.06593 1.29924 0 
0.636006 0.799126 0 
0.628537 -0.0164519 0 
0.565598 0.0723209 0 
0.905026 -0.365941 0 
-0.860255 1.03232 0 
0.121566 1.64365 0 
0.823517 1.04336 0 
-1.28223 1.01107 0 
-0.00766426 1.1818 0 
0.551403 -0.55554 0 
0.273924 1.02308 0 
0.218908 1.24453 0 
0.549216 -0.369093 0 
-1.47808 1.22919 0 
1.29539 0.680453 0 
-0.0762238 1.71411 0 
0.688219 0.715385 0 
1.01752 0.916026 0 
0.0493617 1.31721 0 
0.227183 1.09727 0 
1.55268 0.424084 0 
0.328531 -0.143529 0 
1.16335 0.886266 0 
0.959011 0.484593 0 
0.344354 1.35525 0 
-0.425473 0.928326 0 
0.334148 1.47586 0 
0.301135 0.891689 0 
-2.4162 0.58143 0 
-0.571827 0.876786 0 
1.03853 0.0774536 0 
1.08756 0.248311 0 
0.630721 -0.307288 0 
0.81175 0.305907 0 
0.836136 -0.0832847 0 
0.145912 1.46488 0 
-0.273736 1.74266 0 
0.721673 1.56233 0 
0.876604 0.151832 0 
-0.665749 1.85402 0 
0.0133623 1.32624 0 
0.835401 0.387202 0 
0.856568 -0.0252376 0 
0.768008 -0.0576766 0 
1.16163 0.799659 0 
0.68903 0.71984 0 
1.1214 0.0980614 0 
1.07477 0.0834616 0 
0.883435 0.1573 0 
-1.60132 1.03256 0 
-1.83582 1.02539 0 
1.22865 0.711102 0 
0.340492 0.896931 0 
0.773563 1.00904 0 
0.970351 0.0567652 0 
0.513768 1.10547 0 
0.523605 1.01729 0 
-0.557777 1.16837 0 
-1.00047 1.29591 0 
0.913875 0.637553 0 
-1.43589 1.05852 0 
0.876549 -0.173908 0 
0.519699 1.09435 0 
0.37629 1.19243 0 
0.668229 -0.0375332 0 
1.04535 0.538028 0 
0.948942 0.0828061 0 
-2.75221 0.255151 0 
0.654671 1.16315 0 
0.661886 0.254906 0 
-0.877121 1.31572 0 
1.0232 0.839285 0 
-2.44123 0.36142 0 
0.630315 1.00084 0 
0.198934 1.698 0 
-2.34077 0.715053 0 
0.971635 -0.219378 0 
1.22917 1.12323 0 
0.517609 -0.44382 0 
0.646033 0.98688 0 
-1.85997 0.701334 0 
1.21477 0.603323 0 
-0.715699 1.39274 0 
1.11933 -0.182914 0 
0.850468 0.911008 0 
0.956245 0.97942 0 
0.128091 1.27824 0 
0.219014 1.61402 0 
-1.78099 1.23235 0 
0.986776 -0.0599644 0 
1.07496 -0.181974 0 
-2.2293 0.456412 0 
0.85176 1.24465 0 
-0.977774 1.28405 0 
1.2552 0.80709 0 
1.01524 0.282122 0 
0.603441 1.22219 0 
0.777415 1.15282 0 
0.530647 0.801475 0 
0.455735 1.23576 0 
0.728376 1.24491 0 
-0.227388 1.30843 0 
0.328885 1.71368 0 
-1.35838 1.50506 0 
-2.38729 0.936895 0 
0.834864 0.782113 0 
0.826205 -0.180572 0 
0.657072 0.3729 0 
-0.260626 1.35472 0 
1.0984 0.0546541 0 
0.372643 1.1647 0 
1.2042 -0.0734576 0 
1.24138 0.447263 0 
0.781175 0.451914 0 
0.896981 1.15834 0 
0.674881 0.391533 0 
-0.300508 1.52224 0 
-1.00892 1.37378 0 
0.561473 1.19625 0 
0.829487 0.324912 0 
0.729823 1.40023 0 
0.960757 0.111219 0 
0.965533 0.0770159 0 
0.537542 -0.116109 0 
-0.274487 1.35114 0 
-1.674 1.11752 0 
-1.74483 0.56465 0 
0.201369 1.64389 0 
0.749147 1.33357 0 
0.178096 1.10939 0 
0.98698 0.925599 0 
-2.22354 0.776579 0 
-0.857431 1.55705 0 
0.764993 0.808472 0 
1.54575 0.637718 0 
-0.343771 0.904407 0 
0.69601 0.713248 0 
-0.0806869 1.6435 0 
1.15576 0.305776 0 
1.23771 0.210586 0 
1.40649 0.401288 0 
0.822847 0.0492802 0 
-1.14084 1.35599 0 
0.68294 0.0687582 0 
-0.906589 1.56242 0 
1.02913 -0.165774 0 
1.10396 0.212104 0 
0.588675 -0.113888 0 
-0.392748 1.56095 0 
0.246679 0.70338 0 
0.99363 0.210525 0 
0.725843 0.794658 0 
0.915645 0.370852 0 
0.401674 1.62678 0 
0.722618 1.11764 0 
0.791687 -0.409989 0 
1.06322 0.550619 0 
0.119632 1.33981 0 
0.434163 0.972536 0 
0.834618 -0.289706 0 
0.745956 0.0347403 0 
1.19158 -0.0467431 0 
0.459958 1.44434 0 
-1.72039 0.898766 0 
1.37538 0.191221 0 
1.01724 0.519213 0 
0.4129 1.64688 0 
0.968863 -0.230538 0 
0.933184 0.18215 0 
1.19519 0.0708059 0 
0.972702 0.139296 0 
-1.43836 1.4415 0 
1.13514 0.143253 0 
-0.949628 1.54206 0 
-1.04837 1.46698 0 
-0.77902 1.27054 0 
1.08929 -0.337795 0 
0.889472 -0.259926 0 
0.693888 -0.17771 0 
0.72642 -0.111683 0 
1.2035 0.704676 0 
1.18169 1.07303 0 
-2.04764 0.825685 0 
-0.359002 1.65311 0 
0.784047 1.03354 0 
0.835487 0.443392 0 
-1.06261 1.50536 0 
0.946547 0.542669 0 
0.91193 0.330209 0 
0.066611 1.16882 0 
-0.0017012 1.39417 0 
-1.13054 1.35011 0 
0.45012 0.745108 0 
0.941678 0.216982 0 
1.14668 1.00755 0 
0.780211 0.453139 0 
1.17864 -0.0910172 0 
-1.52117 0.95218 0 
-0.306976 1.73828 0 
1.05715 0.501851 0 
-1.57878 1.55881 0 
0.452676 -0.526043 0 
-1.03007 1.82179 0 
0.568518 0.154072 0 
-0.760937 1.20319 0 
1.17263 -0.0281506 0 
0.697862 1.11576 0 
1.44383 -0.0217151 0 
0.982046 0.66711 0 
-1.44095 1.38443 0 
1.32769 0.246759 0 
0.720115 0.404409 0 
1.12045 0.637555 0 
0.963185 0.463346 0 
0.652377 -0.35474 0 
-0.0794185 1.56141 0 
0.941104 0.520367 0 
1.02378 0.869663 0 
1.09648 1.00476 0 
-0.824366 1.53211 0 
1.17013 0.0621089 0 
0.333008 1.08021 0 
0.455363 0.801784 0 
-1.63938 0.576138 0 
0.821001 -0.106221 0 
1.32243 0.782933 0 
0.723573 0.256833 0 
0.30023 -0.296629 0 
0.611941 0.881658 0 
0.596207 1.06415 0 
0.834851 -0.297263 0 
0.147579 1.57409 0 
-2.65939 0.526001 0 
-0.281531 1.25538 0 
0.931203 0.298118 0 
0.761128 0.31222 0 
0.531131 0.476357 0 
0.921404 0.326156 0 
0.888222 0.886444 0 
1.08426 0.282334 0 
0.766369 1.2292 0 
0.904495 0.244086 0 
1.01963 0.615487 0 
-0.519379 1.2593 0 
0.929774 0.189271 0 
-2.72341 0.0400725 0 
0.898646 0.8205 0 
0.40474 0.745169 0 
1.3829 0.508023 0 
0.431158 -0.679305 0 
0.194731 1.34847 0 
0.670403 -0.471251 0 
-0.568253 1.37152 0 
-1.02281 1.13803 0 
0.595168 1.0336 0 
0.737532 0.171935 0 
0.582336 0.592301 0 
1.34935 0.915462 0 
0.877888 0.916287 0 
-0.319175 1.33382 0 
0.855813 0.124869 0 
0.119784 1.54618 0 
0.598766 1.05336 0 
0.760712 -0.310003 0 
0.902679 -0.180847 0 
0.628438 -0.419545 0 
-0.593276 1.50666 0 
-0.717937 1.22157 0 
1.30753 0.650106 0 
0.573036 -0.595475 0 
0.489746 1.5734 0 
1.61391 0.710962 0 
-0.859809 1.33926 0 
-0.0064975 1.34854 0 
-0.324207 1.47447 0 
0.966241 0.309389 0 
0.24313 -0.146412 0 
-2.01563 0.805363 0 
1.51699 0.5541 0 
-1.5044 1.12806 0 
0.0432914 1.31248 0 
1.14332 0.342854 0 
0.758496 0.700988 0 
0.900293 0.0492344 0 
0.292131 1.19777 0 
0.202179 1.38522 0 
-0.789339 1.70744 0 
-0.416715 1.08659 0 
0.525933 0.675292 0 
0.0221727 1.48146 0 
1.09295 -0.511484 0 
1.10693 1.32812 0 
0.36579 1.16075 0 
0.944506 1.1671 0 
-1.4702 0.986893 0 
0.864867 0.236806 0 
-2.02515 0.868711 0 
0.717186 -0.235742 0 
0.305019 0.876368 0 
0.536553 1.17277 0 
-0.459147 1.55186 0 
0.510546 0.892614 0 
0.184407 1.49274 0 
-0.514205 1.31857 0 
-1.17543 1.40793 0 
0.0292466 1.38909 0 
0.768619 1.19387 0 
0.362612 1.22869 0 
0.606838 -0.670018 0 
1.31488 0.75769 0 
0.981521 0.501202 0 
1.26977 0.296345 0 
0.429316 1.05027 0 
-1.69297 0.937149 0 
0.712965 -0.109253 0 
-0.336213 1.28995 0 
-1.777 0.735423 0 
0.946203 -0.09815 0 
0.472669 1.21244 0 
1.14908 0.424702 0 
-1.03359 1.28654 0 
0.904811 0.149806 0 
0.169388 0.985243 0 
0.967966 0.0368138 0 
0.802025 0.1962 0 
-1.7429 1.1521 0 
-1.51489 1.0003 0 
1.30056 0.502997 0 
0.852761 0.900831 0 
-1.92085 0.959468 0 
1.13979 0.940754 0 
0.306865 1.31742 0 
1.23789 0.282102 0 
-1.99388 0.249336 0 
1.08368 -0.143383 0 
1.12906 0.328069 0 
1.03048 0.634243 0 
0.626223 0.671041 0 
-1.35806 0.905178 0 
0.80783 -0.388053 0 
-0.178722 1.46013 0 
-0.968321 1.40737 0 
-0.526649 1.52722 0 
-0.606475 1.60651 0 
-0.771601 1.48769 0 
0.35021 0.520866 0 
0.068913 1.10915 0 
0.203694 0.869163 0 
0.723885 0.843197 0 
-0.74838 1.35737 0 
0.827693 0.52611 0 
-0.607524 1.29424 0 
1.25857 0.217928 0 
1.04097 0.888706 0 
1.14071 0.225609 0 
0.829499 -0.0870051 0 
0.943273 0.480574 0 
0.693701 1.0385 0 
0.739947 0.939285 0 
-1.81839 0.785887 0 
0.435908 1.12238 0 
-0.646895 1.62153 0 
0.0113653 1.48417 0 
0.779105 0.213943 0 
0.69263 0.819587 0 
-1.07362 1.51071 0 
0.67908 0.575211 0 
1.02556 0.27192 0 
-1.76622 1.53142 0 
0.912274 -0.224656 0 
0.645212 0.772277 0 
0.678025 0.76344 0 
0.906489 0.691183 0 
1.2828 -0.100996 0 
0.482499 1.48293 0 
0.705307 0.161055 0 
1.24476 0.399305 0 
-2.18289 0.904939 0 
0.288927 1.28353 0 
0.86197 0.442981 0 
-0.297285 1.33453 0 
-0.427621 1.34719 0 
0.6948 0.332289 0 
-0.728167 1.61726 0 
-0.00563732 1.42465 0 
0.358874 0.984157 0 
1.04427 0.245313 0 
0.565735 0.799293 0 
-1.56293 1.08452 0 
0.721081 -0.148703 0 
0.50462 -0.241419 0 
0.733536 1.22732 0 
-1.36018 1.24598 0 
0.474943 0.967231 0 
0.414487 1.34348 0 
1.13599 0.93274 0 
-0.972426 1.51383 0 
0.912958 0.102882 0 
-1.21441 0.275841 0 
1.09925 1.23125 0 
0.931667 0.470947 0 
0.899352 1.15559 0 
1.11691 0.629991 0 
0.226469 1.44616 0 
0.338778 -0.477394 0 
-0.0736517 1.6086 0 
-2.44945 0.330538 0 
1.24256 0.978366 0 
-0.821574 1.3788 0 
0.970691 1.26373 0 
-1.68853 0.944033 0 
0.288212 1.48097 0 
0.9053 0.8597 0 
1.03201 0.606766 0 
0.653955 0.945681 0 
-0.131942 1.11121 0 
0.924348 0.501572 0 
0.208847 1.50805 0 
-0.59952 1.44254 0 
0.202345 1.57362 0 
1.01086 0.601758 0 
0.841285 0.290722 0 
0.759208 0.113044 0 
1.09233 -0.093797 0 
-0.557474 1.54743 0 
0.788208 0.895688 0 
0.643215 1.15234 0 
0.945249 0.633156 0 
0.396667 1.08992 0 
0.690585 0.722106 0 
1.15879 0.215507 0 
-0.101507 1.47798 0 
0.653535 0.762276 0 
0.195886 1.14259 0 
-0.814939 1.25314 0 
0.305201 1.42182 0 
0.755482 0.962067 0 
-0.243437 1.47873 0 
0.0667034 1.58558 0 
0.916816 0.737346 0 
0.431157 0.106402 0 
-0.0152033 1.603 0 
0.751712 1.2517 0 
-1.72736 0.868307 0 
-0.587643 1.37291 0 
0.550549 1.15547 0 
1.21314 -0.142587 0 
-0.957762 1.37113 0 
0.978361 0.66844 0 
0.415824 0.710246 0 
0.59594 -0.371801 0 
-2.01236 0.553541 0 
-2.38674 1.04516 0 
0.788427 0.921915 0 
0.813165 -0.232202 0 
1.23415 -0.29515 0 
-0.475962 1.14929 0 
0.609569 1.30477 0 
0.483813 -0.451162 0 
0.672391 0.270884 0 
-1.65763 1.20986 0 
0.69718 0.183409 0 
-0.947798 1.13769 0 
0.979302 0.183233 0 
0.640104 0.384336 0 
0.986349 0.591536 0 
0.622142 1.03697 0 
0.659393 -0.219578 0 
-0.117845 1.19787 0 
0.805243 0.175229 0 
-0.850392 1.61309 0 
1.15749 0.0702963 0 
-2.03728 0.727379 0 
0.706165 1.2997 0 
1.42712 0.695285 0 
1.09372 -0.483084 0 
0.754979 0.33894 0 
1.0173 0.354958 0 
0.78082 0.804314 0 
-1.17016 1.1594 0 
0.984077 0.0939312 0 
0.962585 0.323524 0 
0.329699 1.18966 0 
0.610924 0.667282 0 
1.2807 0.230943 0 
1.05382 -0.0986997 0 
1.00375 0.534837 0 
1.41346 0.402204 0 
-1.0405 1.342 0 
-1.00489 1.47124 0 
1.03102 -0.254248 0 
1.02319 0.576918 0 
0.290145 -0.442545 0 
0.769429 0.15526 0 
1.07247 0.0201302 0 
0.859991 1.38236 0 
0.587349 1.42091 0 
1.26405 0.182311 0 
0.403558 0.462092 0 
1.01514 0.465419 0 
0.958508 0.693267 0 
1.25311 0.25434 0 
1.29524 0.478935 0 
-1.30762 1.94538 0 
-0.00803576 1.03372 0 
0.404555 1.50403 0 
0.356152 1.37997 0 
1.08349 0.26681 0 
0.792585 1.31635 0 
0.395266 0.16154 0 
0.631357 1.17225 0 
-2.1016 0.933028 0 
0.162184 1.30973 0 
0.82601 -0.299456 0 
1.05551 -0.117121 0 
1.07103 1.39301 0 
-0.800642 1.41484 0 
0.587989 0.156241 0 
-0.563031 1.24065 0 
0.999809 0.351321 0 
-0.380722 1.19998 0 
0.697441 1.00826 0 
0.58691 0.0368496 0 
1.26267 0.42966 0 
0.393137 1.41287 0 
-0.398107 1.37152 0 
1.56155 0.274312 0 
1.02636 0.364109 0 
0.973149 0.0337841 0 
0.346389 1.08904 0 
1.2708 -0.344296 0 
0.431625 1.54713 0 
0.440609 -0.513662 0 
0.227631 1.16549 0 
0.574606 0.837458 0 
-0.390646 0.954252 0 
0.957206 -0.343079 0 
1.1174 0.532658 0 
1.15293 0.0469395 0 
-1.14109 1.18539 0 
0.481619 1.19548 0 
-1.40007 1.25984 0 
1.06638 0.645492 0 
0.298627 1.37154 0 
1.20907 0.0884964 0 
0.635842 1.23332 0 
0.639284 0.961815 0 
1.22696 0.376006 0 
-0.000830071 1.22756 0 
-0.0290666 1.47364 0 
0.73677 0.476658 0 
0.464113 1.8996 0 
-1.53252 0.714038 0 
-0.57855 1.35788 0 
1.21319 0.969627 0 
0.577092 0.873293 0 
1.21355 0.0684956 0 
-1.79335 0.808517 0 
0.0157898 1.45934 0 
-0.117815 1.4121 0 
-2.27554 0.699469 0 
-0.419288 1.53016 0 
-2.58747 0.131834 0 
1.0642 0.222757 0 
0.371016 1.26852 0 
1.03162 0.377319 0 
0.291839 1.38206 0 
-1.17768 1.17601 0 
-0.323038 1.69507 0 
0.45379 0.963107 0 
0.860809 0.43779 0 
1.11526 -0.0437655 0 
0.804833 0.0751969 0 
0.978445 1.1601 0 
0.670066 1.32724 0 
-2.04358 1.02264 0 
0.932585 0.428966 0 
0.745777 0.560696 0 
0.598059 0.353498 0 
1.06084 1.32194 0 
0.905051 0.404239 0 
-0.521503 1.59333 0 
-0.489602 1.70277 0 
0.53721 1.20279 0 
0.164578 0.452133 0 
-0.0795359 1.43637 0 
0.761016 0.331978 0 
0.723223 -0.126439 0 
0.464363 1.49891 0 
-0.0796142 1.6561 0 
-1.56146 0.435995 0 
0.754261 0.383641 0 
0.865146 0.451917 0 
0.98873 0.275848 0 
-1.00081 1.58444 0 
0.873573 -0.516222 0 
1.05234 0.319253 0 
-2.23996 0.318963 0 
0.908202 0.152911 0 
0.776169 -0.118563 0 
0.846603 -0.0469742 0 
1.17709 -0.262277 0 
0.720142 -0.0569983 0 
-2.60385 0.51977 0 
1.3684 0.489741 0 
1.01684 0.638744 0 
0.377248 -0.38864 0 
0.858872 -0.34826 0 
1.08904 0.204183 0 
0.0657137 1.24363 0 
0.956193 0.752835 0 
1.41207 0.49006 0 
0.911238 0.077168 0 
1.28449 0.238923 0 
-1.20634 1.24676 0 
1.03036 0.472028 0 
0.669053 1.30886 0 
1.18913 1.2955 0 
0.895711 1.14125 0 
0.74463 1.13869 0 
1.14633 0.580655 0 
0.0871249 1.8303 0 
0.817259 0.0863514 0 
0.969462 -0.457083 0 
0.851865 -0.106259 0 
1.09299 1.31407 0 
1.03039 0.774988 0 
0.849807 1.25085 0 
0.623319 1.46393 0 
-2.52653 0.15593 0 
0.600811 -0.121788 0 
0.845002 1.23532 0 
0.677941 -0.516181 0 
0.734772 -0.538983 0 
0.401133 1.04927 0 
1.02114 0.717633 0 
-0.0557878 1.49377 0 
0.638374 0.751829 0 
1.30271 0.437575 0 
1.16782 0.535193 0 
0.880248 0.605656 0 
-0.638238 1.36825 0 
1.08421 0.135813 0 
-2.00243 1.05686 0 
1.00653 0.244295 0 
1.06544 0.0410233 0 
0.19011 1.60389 0 
1.21964 0.552189 0 
0.370406 1.30819 0 
1.17433 -0.253726 0 
1.16537 0.334386 0 
0.923259 0.871637 0 
0.244853 1.26449 0 
0.85487 -0.310146 0 
1.12658 0.413517 0 
0.867556 0.52266 0 
0.518741 0.257815 0 
-0.282807 1.73689 0 
-0.890774 1.44722 0 
0.481776 -0.381155 0 
-0.0786328 1.51649 0 
0.707085 0.7792 0 
0.680134 0.212824 0 
0.897606 0.930404 0 
0.863729 0.828369 0 
-0.634056 1.22384 0 
1.08947 1.0171 0 
0.935563 1.34559 0 
-1.47818 0.805351 0 
0.738971 0.0821067 0 
0.512988 1.36152 0 
0.781515 1.48868 0 
1.15788 0.545457 0 
0.264041 1.28796 0 
0.471623 -0.380571 0 
0.333774 1.32611 0 
0.822222 -0.171691 0 
1.04545 0.462128 0 
0.681115 1.21664 0 
-0.0862406 1.84113 0 
1.00259 0.467123 0 
0.942194 0.229839 0 
0.708089 -0.363447 0 
0.766713 -0.322348 0 
0.827752 0.279428 0 
1.36935 0.0624762 0 
-0.66543 1.31705 0 
0.72106 0.490159 0 
0.140282 1.1515 0 
1.17626 1.30746 0 
-0.551038 1.41851 0 
0.607155 0.768499 0 
0.963632 -0.251698 0 
1.36163 0.11519 0 
0.438758 1.35604 0 
1.17584 1.21559 0 
1.37121 0.429275 0 
0.90304 0.856999 0 
-0.839511 1.54538 0 
-2.34245 0.345769 0 
1.03662 1.11605 0 
0.655282 0.50606 0 
1.02149 0.0159562 0 
-2.32429 0.738869 0 
-2.54351 0.242643 0 
-0.367385 1.13791 0 
0.872112 0.966252 0 
-0.483705 1.9195 0 
-2.59512 0.377541 0 
-1.50742 0.892358 0 
0.53821 0.762935 0 
-0.574816 1.58821 0 
1.19839 0.712312 0 
-0.605461 2.03742 0 
0.908937 0.381345 0 
-0.261683 0.882797 0 
-0.374885 1.57143 0 
-0.108382 1.5334 0 
-1.14807 1.56375 0 
0.0151166 0.837846 0 
-0.662018 1.70074 0 
-1.66937 1.18085 0 
0.815562 0.281293 0 
1.01588 -0.166353 0 
1.41127 0.0159759 0 
-0.555148 1.53414 0 
-0.0331984 0.857165 0 
1.18771 -0.19467 0 
0.60349 -0.577733 0 
1.0517 0.527295 0 
0.994478 0.690048 0 
-0.738251 1.4683 0 
-0.360192 1.60774 0 
-0.302495 1.18753 0 
1.36924 0.392519 0 
-1.57208 1.32594 0 
-0.877846 1.49938 0 
0.828921 1.03084 0 
0.648059 0.784504 0 
-2.01253 0.928435 0 
0.301907 1.23536 0 
-0.198155 1.37528 0 
0.540316 1.12679 0 
-0.218127 1.25603 0 
0.87703 0.0286463 0 
1.32783 -0.148696 0 
-0.618457 1.47782 0 
-0.368601 1.42265 0 
0.778178 0.913688 0 
0.647635 -0.407334 0 
0.967799 0.232376 0 
-1.79881 1.15863 0 
0.225738 1.06949 0 
1.19266 0.13597 0 
-0.382762 1.08802 0 
-1.99728 0.910863 0 
1.08991 0.683069 0 
0.815428 0.71534 0 
0.815675 -0.238124 0 
1.0666 0.560029 0 
-0.874174 1.67916 0 
-0.609159 1.58702 0 
0.929637 0.0546819 0 
0.716035 0.768438 0 
-0.176685 1.2937 0 
0.705779 1.24886 0 
-0.00119107 1.33685 0 
0.727345 0.399013 0 
0.0831426 1.2266 0 
-0.278453 1.41286 0 
0.878091 0.227731 0 
0.755238 0.221186 0 
1.04989 0.559679 0 
0.462878 -0.0473789 0 
1.23986 0.569454 0 
0.132459 -0.419759 0 
0.289644 0.895468 0 
0.967171 0.576729 0 
-0.483023 1.36372 0 
0.804117 0.568209 0 
0.856324 0.62748 0 
1.12331 0.654899 0 
1.07939 0.124176 0 
1.13441 -0.0511498 0 
0.568009 -0.230539 0 
0.581449 -0.342433 0 
-0.691327 0.20743 1 
-1.13427 -0.0281561 1 
-0.627753 0.228583 1 
-0.514133 0.354499 1 
-0.844052 0.135801 1 
-0.666969 0.265868 1 
-0.560373 0.322805 1 
-0.0605197 0.105358 1 
-0.456369 0.488277 1 
-0.232465 0.217085 1 
-0.706096 0.232076 1 
-0.473549 0.336639 1 
-0.643741 -0.0535651 1 
-0.191768 0.423903 1 
-0.515684 0.378289 1 
-0.621561 0.13806 1 
-0.377319 0.0309729 1 
-0.215455 -0.00863813 1 
-0.670087 0.0738417 1 
-0.541247 0.262883 1 
-0.929838 0.605297 1 
-0.43469 0.124869 1 
-0.553813 0.151716 1 
-0.787309 0.0674499 1 
-0.50682 0.403089 1 
-0.744279 0.393888 1 
-0.24628 0.547046 1 
-0.281189 0.0679802 1 
-0.643112 0.380221 1 
-0.646983 0.163523 1 
-0.488139 0.0732007 1 
-0.750332 0.366696 1 
-0.528017 0.379316 1 
-0.597334 0.315236 1 
-0.373156 0.528256 1 
-0.551009 0.455637 1 
-0.503502 0.385121 1 
-0.545551 0.144898 1 
-0.51636 0.262732 1 
-0.270732 0.565345 1 
-0.654497 0.315742 1 
-0.432106 0.391116 1 
-0.639127 0.623339 1 
-0.266325 0.355511 1 
-0.652395 0.308541 1 
-0.480909 -0.0307805 1 
-0.556929 0.283386 1 
-0.152061 0.467605 1 
-0.480468 0.62476 1 
-0.185887 0.596628 1 
-0.477895 -0.00448218 1 
-0.876349 0.409572 1 
-0.488882 0.0705614 1 
-0.701161 -0.0292367 1 
-0.437088 0.269719 1 
-0.0578786 0.179386 1 
-0.582014 0.145357 1 
-0.438851 0.25588 1 
-0.71753 0.384788 1 
-0.464931 0.0538084 1 
-0.338486 0.270942 1 
-0.706347 0.411356 1 
-0.563728 0.289177 1 
-0.509683 0.192107 1 
-0.528225 0.141993 1 
-0.488557 0.288054 1 
-0.676931 0.531228 1 
-0.121459 0.233676 1 
-0.693098 0.49982 1 
-0.252614 0.270918 1 
-0.188026 0.00523748 1 
-0.301664 0.17413 1 
-0.635396 -0.106718 1 
-0.96298 0.498149 1 
-0.628199 -0.119076 1 
-0.256752 0.285219 1 
-0.427165 0.113001 1 
0.120389 0.206702 1 
-0.481482 0.592976 1 
-0.638287 0.347347 1 
-0.569944 0.220943 1 
-0.4571 0.552335 1 
-0.438297 0.062631 1 
-0.472604 0.563691 1 
-0.476202 0.0138191 1 
-0.404069 0.354559 1 
-0.352237 0.555311 1 
-0.275606 0.0038991 1 
-0.82053 0.164985 1 
-0.705246 0.204846 1 
-0.0239744 0.150925 1 
-0.515521 0.418184 1 
-0.448606 0.471072 1 
-0.555989 0.166012 1 
-0.310749 0.511791 1 
-0.499481 0.0793596 1 
-0.445648 0.355233 1 
-0.688963 0.271681 1 
-0.585384 -0.0108407 1 
-0.234699 -0.0955649 1 
-0.367731 0.178156 1 
-0.463489 0.376852 1 
-0.847955 0.255425 1 
-0.183876 0.264204 1 
-0.443702 0.255587 1 
-0.254379 0.135178 1 
-0.366394 0.198507 1 
-0.435098 0.313442 1 
-0.253492 0.413332 1 
-0.484492 0.185963 1 
-0.638235 0.152299 1 
-0.630584 0.243812 1 
-0.495892 0.248509 1 
-0.423538 0.283264 1 
-0.463187 0.361442 1 
-0.48775 0.111804 1 
-0.397936 0.420814 1 
-0.559842 0.300594 1 
-0.383382 0.432652 1 
-0.53446 0.199372 1 
-0.270613 0.110487 1 
-0.205658 0.385261 1 
-0.721882 -0.0676107 1 
-0.299891 0.54704 1 
-0.302084 0.310275 1 
-0.626113 0.237464 1 
-0.472978 0.0111771 1 
-0.365227 0.511109 1 
-0.0459198 0.499716 1 
-0.748696 0.184324 1 
-0.75039 0.0902394 1 
-0.38692 0.401217 1 
-0.665266 0.0297621 1 
-0.466521 0.328398 1 
-0.561684 0.133626 1 
-0.211324 0.198618 1 
-0.477703 0.150499 1 
-0.330497 -0.0227895 1 
-0.386636 0.0327388 1 
-0.274109 0.318535 1 
-0.767018 0.135561 1 
-0.511581 0.281115 1 
-0.60035 0.0745988 1 
-0.536877 0.0264238 1 
-0.572792 0.0418561 1 
-0.405035 0.228292 1 
-0.409169 0.208562 1 
-0.665979 0.264962 1 
-0.499243 -0.279718 1 
-0.434706 0.221053 1 
-0.382044 0.475999 1 
-0.253454 -0.140336 1 
-0.463729 0.289603 1 
-0.447966 0.296474 1 
-0.581385 0.0673413 1 
-0.284651 0.268156 1 
-0.613682 0.0989717 1 
-0.339225 0.681928 1 
-0.526808 0.218486 1 
-0.835156 0.595266 1 
-0.626601 0.34335 1 
-0.523886 0.154711 1 
-0.560786 0.618476 1 
-0.561722 0.190936 1 
-0.819117 0.368128 1 
-0.76603 0.423213 1 
-0.703284 0.176793 1 
-0.122796 0.322199 1 
-0.606973 0.319076 1 
-0.470726 0.401185 1 
-0.640383 0.274617 1 
-0.0521485 0.0559318 1 
-0.330038 0.343526 1 
-1.09684 0.222767 1 
-0.366435 0.280685 1 
-0.230058 0.311519 1 
-0.757528 0.307043 1 
-0.64856 0.0472459 1 
-0.406619 0.377565 1 
-0.231332 0.460561 1 
-0.210988 0.0225109 1 
-0.209153 0.104806 1 
-0.480737 0.446873 1 
-0.817307 0.363546 1 
-0.0589493 0.124338 1 
-0.518519 0.255659 1 
-0.402366 0.134332 1 
-0.587993 0.256185 1 
-0.613635 -0.0141451 1 
-0.193653 0.326069 1 
-0.623068 0.172979 1 
-0.537328 0.676179 1 
-0.659234 0.223 1 
-0.74048 0.0102162 1 
-0.806165 0.241641 1 
-0.67838 -0.140439 1 
-0.555028 0.11678 1 
-0.4514 0.0548746 1 
-0.860034 0.438714 1 
-0.699712 0.180923 1 
-0.17037 0.34772 1 
-0.461334 0.261333 1 
-0.763822 0.0801733 1 
-0.574067 0.24388 1 
-0.845136 -0.0885364 1 
-0.527759 0.073704 1 
-0.517811 0.178597 1 
-0.736159 0.0346938 1 
-0.645109 0.358143 1 
-0.695177 0.231842 1 
-0.654883 0.000985742 1 
-0.5979 0.14169 1 
-0.300992 0.129249 1 
-0.226473 0.241192 1 
-0.676659 0.416558 1 
-0.153466 0.277734 1 
-0.450768 0.507504 1 
-0.842131 0.409391 1 
-0.327021 0.191454 1 
-0.395866 0.365157 1 
-0.498662 -0.23102 1 
-0.730767 0.346774 1 
-0.322649 0.563555 1 
-0.811647 0.38441 1 
-0.715209 0.0242261 1 
-0.251789 0.368366 1 
-0.455398 0.528593 1 
-0.277513 0.0177021 1 
-0.615646 0.516696 1 
-0.394979 0.462119 1 
-0.663666 0.354679 1 
-0.610607 0.0594529 1 
-0.648095 0.184985 1 
-0.334218 0.219559 1 
-0.615584 0.21252 1 
-0.12804 0.18212 1 
-0.732128 0.237105 1 
-0.423013 0.2096 1 
-0.532449 0.248441 1 
-0.668093 0.157582 1 
-0.326249 0.0510266 1 
-0.436659 0.406679 1 
-0.384563 0.175685 1 
-0.633755 0.144942 1 
-0.525299 0.325866 1 
-0.730384 0.563257 1 
-0.516158 0.446905 1 
-0.55878 0.137588 1 
-0.579133 0.248248 1 
-0.571873 0.733486 1 
-0.398432 0.235605 1 
-0.237452 0.439806 1 
-0.25125 -0.157525 1 
-0.649658 -0.0134592 1 
-0.749716 0.495959 1 
-0.205909 0.244384 1 
-0.190983 0.259033 1 
-0.372904 0.151268 1 
-0.613432 0.0803778 1 
-0.450848 0.371872 1 
-0.415214 0.153298 1 
-0.268017 0.170758 1 
-0.580858 0.0314096 1 
-0.355176 0.254219 1 
-0.345362 0.39245 1 
-0.730352 0.321437 1 
-0.227423 -0.177883 1 
-0.301086 0.04896 1 
-0.102798 0.50984 1 
-0.500311 0.332564 1 
-0.351486 0.273291 1 
-0.4193 0.563457 1 
-0.300434 0.164187 1 
-0.493042 0.199446 1 
-0.827084 0.0229698 1 
-0.69174 0.713537 1 
-0.630294 0.300825 1 
-0.878921 0.345751 1 
-0.814728 0.204468 1 
-0.214163 0.471626 1 
-0.411157 -0.0593369 1 
-0.592666 0.356327 1 
-0.514015 0.657613 1 
-0.247314 -0.168221 1 
-0.650193 0.40116 1 
-0.130928 0.454723 1 
-0.266258 0.106282 1 
-0.565441 0.533714 1 
-0.396947 0.245168 1 
-0.402053 0.292264 1 
-0.673777 0.429718 1 
-0.672374 0.121159 1 
-0.176076 0.214154 1 
-0.592467 0.118129 1 
-0.422238 0.130385 1 
-0.703239 0.496465 1 
-0.559582 0.153955 1 
-0.157992 0.108608 1 
-0.466376 0.195865 1 
-0.44112 0.446283 1 
-0.425712 0.188042 1 
-0.765698 0.157042 1 
-0.287314 0.0107014 1 
-0.833645 0.136199 1 
-0.614893 0.124103 1 
-0.848248 0.206278 1 
-0.700924 0.261832 1 
-0.842341 0.560792 1 
-0.0366333 0.246439 1 
-0.414391 -0.0409998 1 
-0.332412 0.401659 1 
-0.13931 0.137016 1 
-0.294603 0.406233 1 
-0.465378 0.330813 1 
-0.42557 0.36708 1 
-0.301014 0.313394 1 
-0.861923 0.410859 1 
-0.180655 0.0591077 1 
-0.580285 0.136381 1 
-0.792294 -0.129216 1 
-0.773989 -0.0816742 1 
-0.490303 0.125064 1 
-0.555298 0.111466 1 
-0.657246 0.25137 1 
-0.499231 0.38612 1 
-0.113088 0.295919 1 
-0.388571 0.184004 1 
-0.584625 -0.126433 1 
-0.292405 -0.0623632 1 
-0.519056 0.26734 1 
-0.656595 0.331614 1 
-0.489014 0.0138651 1 
-0.55038 0.194035 1 
-0.455514 0.136218 1 
-0.752412 -0.113226 1 
0.103493 0.0920721 1 
-0.704181 0.0702609 1 
-0.745597 0.188778 1 
-0.467651 0.0163037 1 
-0.698223 0.253962 1 
-0.233825 0.204463 1 
-0.582834 0.185424 1 
-0.230655 0.330162 1 
-0.495865 0.353353 1 
-0.770682 0.431907 1 
-0.717807 0.207069 1 
-0.436003 0.344344 1 
-0.519531 0.635239 1 
-0.510254 0.336527 1 
-0.419636 0.149588 1 
-0.53568 0.14725 1 
-0.449454 0.333895 1 
-0.440835 -0.0179494 1 
-0.488678 0.510227 1 
-0.872469 0.105664 1 
-0.786571 0.279184 1 
-0.613636 0.160087 1 
-0.204444 0.524594 1 
-0.415395 0.0864866 1 
-0.725541 0.0637509 1 
-0.284275 0.368607 1 
-0.244099 -0.0631834 1 
-0.438522 0.136302 1 
-0.476261 0.469066 1 
-0.295642 0.0467159 1 
-0.808928 0.52826 1 
-0.739441 0.0918074 1 
-0.87236 0.527544 1 
-0.595835 0.409903 1 
-0.663223 0.276634 1 
-0.486552 -0.0255769 1 
-0.220609 0.131439 1 
-0.401225 0.309909 1 
-0.424623 -0.0652578 1 
-0.627245 0.433634 1 
-0.919284 0.614181 1 
-0.729272 0.120047 1 
-0.352235 -0.0943669 1 
-0.659673 0.135545 1 
-0.607822 0.445797 1 
-0.293012 0.122365 1 
-0.230221 0.270914 1 
-0.766353 0.160164 1 
-0.641463 0.658986 1 
-0.453194 0.220773 1 
-0.692173 0.0630114 1 
-0.364165 0.56013 1 
-0.848855 0.630415 1 
-0.405204 0.486403 1 
-0.348828 -0.00557738 1 
-0.0807621 -0.114785 1 
-0.566008 0.104232 1 
-0.233215 0.168828 1 
-0.563239 0.131742 1 
-0.324256 0.469386 1 
-0.443119 0.307487 1 
-0.507909 0.202696 1 
-0.401889 0.406181 1 
-0.401065 0.19772 1 
-0.501427 0.0401019 1 
-0.595807 0.314923 1 
-0.496031 0.34037 1 
-0.509381 0.368374 1 
-0.606949 -0.148468 1 
-0.369473 0.150098 1 
-0.0573289 0.261166 1 
-0.544819 0.338813 1 
-0.604416 0.398917 1 
-0.586301 0.0754609 1 
-0.746696 0.443396 1 
-0.380909 0.358134 1 
-0.582496 0.049408 1 
-0.417193 0.391272 1 
-0.258702 0.391814 1 
-0.566848 0.40426 1 
-0.532532 0.382585 1 
-0.767691 0.358004 1 
-0.331055 0.348965 1 
-0.799109 0.592209 1 
-0.320097 0.204722 1 
-0.62658 0.254893 1 
-0.594647 0.454957 1 
-0.324544 0.101131 1 
-0.476613 0.513339 1 
-0.628901 -0.00491108 1 
-0.439194 0.584458 1 
-0.0785061 0.570466 1 
-0.267869 0.347023 1 
-0.730242 -0.0181877 1 
-0.442391 -0.325169 1 
-0.212748 0.17625 1 
-0.222671 0.284763 1 
-0.50252 0.47926 1 
-0.544503 0.429227 1 
-0.269031 0.411703 1 
-0.316053 0.234954 1 
-0.44858 0.238206 1 
-0.364542 0.599521 1 
-0.46519 0.351059 1 
-0.987308 0.439905 1 
-0.594191 0.162006 1 
-0.633813 0.224516 1 
-0.272785 0.422382 1 
-0.720759 0.400633 1 
-0.840705 0.241184 1 
-0.545182 0.218426 1 
-0.492625 0.00249232 1 
-0.546898 0.132306 1 
-0.476895 -0.199044 1 
-0.446914 0.485181 1 
-0.250321 0.162603 1 
-0.521028 0.553535 1 
-0.752423 -0.0563717 1 
-0.524677 0.134071 1 
-0.91335 0.145799 1 
-0.532407 0.53094 1 
-0.622071 -0.0753253 1 
-0.534561 0.486157 1 
-0.611481 0.447812 1 
-0.567395 0.293165 1 
-0.575435 0.085349 1 
-0.684144 0.518377 1 
0.0650033 0.570039 1 
-0.830956 -0.0467717 1 
-0.39214 -0.0410015 1 
-0.607705 0.389575 1 
-0.241951 0.474102 1 
-0.536066 0.557792 1 
-0.319427 0.303908 1 
-0.454256 0.342133 1 
-1.02041 0.320109 1 
-0.605604 0.0195163 1 
-0.444678 0.306534 1 
-0.515387 0.55246 1 
-0.192995 0.252883 1 
-0.696561 0.402981 1 
-0.643168 0.303057 1 
-0.294753 0.680086 1 
-0.476638 -0.0515282 1 
-0.83292 0.184054 1 
-0.64115 0.0290632 1 
-0.0242199 0.219093 1 
-0.599175 0.333834 1 
-0.466262 0.313305 1 
-0.52037 0.318658 1 
-0.230212 0.0786625 1 
-0.549807 -0.0270699 1 
-0.66373 0.00246768 1 
-0.49232 0.617164 1 
-0.555823 0.489644 1 
-0.713716 0.371194 1 
-0.57102 0.486124 1 
-0.17711 -0.0814539 1 
-0.62668 0.372582 1 
-0.412048 0.350194 1 
-0.545271 0.229695 1 
-0.482938 0.382 1 
-0.726634 0.0664516 1 
-0.52231 0.196735 1 
-0.774476 0.115752 1 
-0.632265 0.0337987 1 
-0.56741 0.244195 1 
-0.891644 0.134898 1 
-0.446115 -0.0296921 1 
-0.554624 0.593415 1 
-0.688441 0.194369 1 
-0.211199 0.559303 1 
-0.5178 0.261477 1 
-0.105783 0.631955 1 
-0.630789 -0.0890444 1 
-0.702617 0.258231 1 
-0.402835 0.369406 1 
-0.572574 0.59974 1 
-0.370237 0.216554 1 
-0.58412 0.24684 1 
-0.74028 0.176978 1 
-0.230104 0.0717245 1 
-0.269661 0.491885 1 
-0.45583 0.475369 1 
-0.52849 0.383102 1 
-0.570547 0.506533 1 
-0.222733 0.28606 1 
-0.272461 0.0887474 1 
-0.386272 0.0741997 1 
-0.803042 -0.106486 1 
-0.508158 0.268199 1 
-1.05611 0.0430028 1 
-0.484432 0.31441 1 
-0.69922 0.441868 1 
-0.357547 0.383154 1 
-0.754729 0.206933 1 
-0.641166 0.259148 1 
-0.183662 -0.0768686 1 
-0.439247 0.322474 1 
-0.615712 0.130509 1 
-0.684016 0.132095 1 
-0.254932 0.175223 1 
-0.412895 0.432313 1 
-0.369887 0.338885 1 
-0.262897 0.411725 1 
-0.523554 0.0861524 1 
-0.167426 0.234281 1 
-0.595322 0.517578 1 
-0.527938 0.408332 1 
-0.417849 0.0341787 1 
-0.433527 0.126468 1 
-0.3901 0.583921 1 
-0.408053 0.165174 1 
-0.556235 0.3158 1 
-0.212306 0.500858 1 
-0.732853 0.358521 1 
-0.787199 0.472398 1 
-0.60941 0.130999 1 
-0.227629 0.343266 1 
-0.164462 0.38934 1 
-0.717986 0.253205 1 
-0.507511 0.43235 1 
-0.297659 0.554049 1 
-0.649417 0.44135 1 
-0.76788 0.290326 1 
-0.691418 0.327005 1 
-0.332442 0.253118 1 
-0.48795 0.401598 1 
-0.285112 0.375591 1 
-0.818973 0.0836716 1 
-0.460016 0.250089 1 
-0.617387 0.113902 1 
-0.470487 0.141324 1 
-0.36355 0.263143 1 
-0.463425 0.528237 1 
-0.46426 0.0193802 1 
-0.497487 0.464895 1 
-0.566753 0.344041 1 
-0.346935 -0.0929115 1 
-0.754987 0.298038 1 
-0.675022 0.348875 1 
-0.382969 0.203694 1 
-0.785565 0.0713795 1 
-0.446855 0.155129 1 
-0.714992 0.745042 1 
-0.28098 0.168258 1 
-0.270258 0.22302 1 
-0.486987 -0.0363883 1 
-0.38036 0.400945 1 
-0.313319 0.370143 1 
-0.607183 0.259242 1 
-0.159356 0.246533 1 
-0.7919 0.279365 1 
-0.491174 0.349329 1 
-0.486179 0.241429 1 
-0.224286 0.227739 1 
-0.527512 0.0918037 1 
-0.370521 -0.0670967 1 
-0.190212 0.259579 1 
-1.09613 0.125221 1 
-0.509183 0.397865 1 
-0.528038 0.158524 1 
-0.417823 0.253636 1 
-0.395917 -0.172556 1 
-0.374391 0.322017 1 
-0.492579 0.324772 1 
-0.748097 -0.0867346 1 
-0.535236 0.345503 1 
-0.600511 0.34057 1 
-0.572334 0.575822 1 
-0.68405 0.226896 1 
-0.367527 0.180172 1 
-0.70675 0.140767 1 
-0.507102 0.164156 1 
-0.31581 0.118468 1 
-0.0747464 0.235865 1 
-0.377098 0.287775 1 
-0.755892 0.261678 1 
-0.41996 0.531602 1 
-0.629536 0.379167 1 
-0.261754 0.332114 1 
-0.811833 0.02396 1 
-0.629794 -0.258186 1 
-0.342014 0.265975 1 
-0.900008 0.369065 1 
-0.507996 0.433885 1 
-0.210692 0.818665 1 
-0.771104 0.274333 1 
-0.362246 0.587032 1 
-0.404102 0.418923 1 
-0.409685 0.035427 1 
-0.789586 0.231704 1 
-0.781085 0.293406 1 
-0.556485 0.67208 1 
-0.485508 0.239993 1 
-0.902795 -0.0425753 1 
-0.574008 0.579328 1 
-0.611795 -0.0779556 1 
-0.368198 0.159102 1 
-0.682626 0.287814 1 
-0.562565 0.299991 1 
-1.02788 0.0259843 1 
-0.561183 0.39621 1 
-0.772009 0.265854 1 
-0.702591 0.820994 1 
-0.577988 -0.089178 1 
-0.704929 0.677401 1 
-0.559304 0.0807162 1 
-0.451274 0.0783732 1 
-0.57517 0.408132 1 
-0.197146 0.424794 1 
-0.412983 0.169116 1 
-0.271175 0.353827 1 
-0.571227 0.211836 1 
-0.50753 0.331882 1 
-0.375292 0.231561 1 
-0.690914 0.26096 1 
-0.651482 0.351753 1 
-0.821708 0.235148 1 
-0.441966 0.396266 1 
-0.770376 0.241951 1 
-0.474615 0.103684 1 
-0.223835 0.0791753 1 
-0.755656 0.081006 1 
-0.351399 0.228203 1 
-0.539953 -0.115542 1 
-0.456808 0.192569 1 
-0.582718 -0.00468458 1 
-0.359433 0.415228 1 
-0.448535 0.244812 1 
-0.831887 0.0748686 1 
-0.362415 0.341834 1 
-0.276894 -0.0596552 1 
-0.909621 0.704638 1 
-0.299039 0.373124 1 
-0.0966846 -0.0466923 1 
-0.121366 0.112425 1 
-0.800122 0.0539903 1 
-0.433589 -0.273974 1 
-0.547082 0.406221 1 
-0.682091 0.294221 1 
-0.583243 0.226652 1 
-0.106179 0.275069 1 
-0.510664 0.0985791 1 
-0.4619 0.432359 1 
-0.214131 0.539689 1 
-0.403595 -0.141985 1 
-0.468206 0.277325 1 
-0.616717 0.126913 1 
-0.581093 0.382259 1 
-0.525244 0.542318 1 
-0.530949 0.0268289 1 
-0.591408 0.251841 1 
-0.420983 0.258932 1 
-0.685673 -0.19567 1 
-0.652241 -0.0262994 1 
-0.464946 0.139757 1 
-0.639909 0.763414 1 
-0.276974 -0.167306 1 
-0.27583 0.0781465 1 
-0.554576 0.288852 1 
-0.680174 0.121221 1 
-0.307384 0.155523 1 
-0.597754 0.0547762 1 
-0.538545 0.0833077 1 
-0.908202 0.0370814 1 
-0.305794 0.337342 1 
-0.327001 -0.0530671 1 
-0.835433 0.442541 1 
-0.481619 0.259856 1 
-0.702667 0.322747 1 
-0.11071 0.43653 1 
-0.581947 0.332563 1 
-0.658686 -0.0194029 1 
-0.444549 0.4468 1 
-0.57506 0.271093 1 
-0.475234 0.389052 1 
-0.447447 0.126118 1 
-0.553373 0.0513025 1 
-0.752613 0.29392 1 
-0.210373 0.4724 1 
-0.812065 -0.183903 1 
-0.595882 0.10461 1 
-0.299611 0.276749 1 
-0.279867 0.518842 1 
-0.404186 0.317451 1 
-0.227913 0.329361 1 
-0.436167 0.664355 1 
-0.730057 0.291564 1 
-0.569936 -0.0423262 1 
-0.6403 0.223654 1 
-0.774742 0.541283 1 
-0.610406 0.0675459 1 
-0.823066 -0.190953 1 
-0.732297 0.353071 1 
-0.682658 0.316614 1 
-0.436346 0.135308 1 
-0.734228 0.407421 1 
-0.0111377 0.284764 1 
-0.40319 0.324323 1 
-0.532594 0.131365 1 
-0.319044 0.163691 1 
-0.421974 -0.0542557 1 
-0.216947 0.492075 1 
-0.38562 0.213726 1 
-0.378423 0.314768 1 
-0.252081 0.130885 1 
-0.181198 0.0494272 1 
-0.620864 0.305828 1 
-0.353919 0.105356 1 
-0.845971 0.574376 1 
-0.539848 0.340089 1 
-0.283182 0.240675 1 
-0.708236 0.316314 1 
-0.467064 -0.0128185 1 
-0.609823 -0.135887 1 
-0.369849 0.102731 1 
-0.311553 0.363027 1 
-0.573229 0.10347 1 
-0.454947 0.275485 1 
-0.702851 0.482134 1 
-0.291203 0.662026 1 
-0.768329 0.265102 1 
-0.665958 0.354005 1 
-0.362655 0.427875 1 
-0.654455 0.109163 1 
-0.502004 0.0765533 1 
-0.447703 0.371834 1 
-0.830608 -0.0611673 1 
-0.133715 0.275332 1 
-0.500414 0.178948 1 
-0.532747 -0.191463 1 
-0.44629 0.140794 1 
-0.684845 0.297924 1 
-0.201746 0.0238061 1 
-0.532625 0.314946 1 
-0.408029 -0.323108 1 
-0.633578 0.064641 1 
-0.497949 0.25018 1 
-0.4031 0.360704 1 
-0.735267 0.169612 1 
-0.482128 0.224128 1 
-0.308974 0.274558 1 
-0.923972 0.0545 1 
-0.521096 0.297432 1 
-0.45842 0.272356 1 
-0.366815 0.137074 1 
-0.548959 0.176795 1 
-0.383497 0.157415 1 
-0.838679 0.161333 1 
-0.472223 0.0571528 1 
-0.554023 0.34327 1 
-0.509344 0.393677 1 
-0.258555 0.613604 1 
-0.610778 0.167547 1 
-0.46313 0.385596 1 
-0.723283 0.012415 1 
-0.437828 0.336016 1 
-0.500352 0.242171 1 
-0.561342 0.424211 1 
-0.493201 0.252935 1 
0.0524039 -0.0777242 1 
-0.51372 0.526145 1 
-0.329257 0.452657 1 
-0.496708 0.510411 1 
-0.814543 0.732785 1 
-0.611025 0.289154 1 
-0.298475 0.512644 1 
-0.383637 0.160463 1 
-0.303606 0.0648704 1 
-0.382866 0.262566 1 
-0.305771 0.250202 1 
-0.425203 0.197785 1 
-0.563093 -0.0302638 1 
-0.0871837 0.148123 1 
-0.555503 0.215581 1 
-0.31721 0.404697 1 
-0.228888 -0.095174 1 
-1.04302 0.20837 1 
-0.294546 0.115731 1 
-0.560828 0.370841 1 
-0.723083 0.183826 1 
-0.554035 0.355401 1 
-0.29679 0.0231906 1 
-0.480608 0.250762 1 
-0.431725 0.0206849 1 
-0.627439 0.0520807 1 
-0.275011 0.246914 1 
-0.686788 0.593073 1 
-0.398696 0.514817 1 
-0.652495 0.295286 1 
-0.45521 0.249326 1 
-0.520415 0.224925 1 
-0.205454 0.262679 1 
-0.488992 0.315736 1 
-0.551123 -0.0105014 1 
-0.35996 0.461504 1 
-0.381051 0.312296 1 
-0.253901 0.261449 1 
-0.375194 0.161889 1 
-0.43019 0.395445 1 
-0.571382 0.0830178 1 
-0.504079 0.145322 1 
-0.245375 0.288796 1 
-0.747975 0.187306 1 
-0.737816 0.213753 1 
-0.511266 0.379626 1 
-0.663815 0.548789 1 
-0.355366 0.284755 1 
-0.906129 0.05431 1 
-0.628736 0.340098 1 
-0.520938 0.10115 1 
-0.431178 0.24051 1 
-0.522786 0.0703479 1 
-0.492227 0.270363 1 
-0.662213 0.060033 1 
-0.491019 0.440576 1 
-0.0921915 0.348087 1 
-0.195283 0.262231 1 
-0.452636 0.436907 1 
-0.57345 0.294651 1 
-0.562387 0.358082 1 
-0.689613 0.233311 1 
-0.840117 0.477299 1 
-0.73543 0.341939 1 
-0.328537 0.24299 1 
-0.242693 -0.142078 1 
-0.670059 0.651025 1 
-0.769411 0.220489 1 
-0.236096 0.343421 1 
-0.80821 0.279272 1 
-0.661885 0.333124 1 
-0.275179 0.042927 1 
-0.392674 0.431284 1 
-0.413518 0.212732 1 
-0.466158 0.28751 1 
-0.66922 0.299782 1 
-0.511887 0.480423 1 
-0.655692 -0.112667 1 
-0.546962 0.163716 1 
-0.547761 0.479537 1 
-0.202836 0.60868 1 
-0.517757 0.104617 1 
-0.357134 0.404161 1 
-0.792139 0.39354 1 
-0.909599 0.403039 1 
-0.687459 0.503454 1 
-0.368016 0.0981258 1 
-0.216913 0.106005 1 
-0.488921 0.177334 1 
-0.35614 0.306033 1 
-0.725057 0.406272 1 
-0.187201 0.212344 1 
-0.583296 0.437506 1 
-0.695506 0.227841 1 
-0.596406 -0.0551045 1 
-0.677257 0.32049 1 
-0.478936 0.0494929 1 
-0.469673 0.227642 1 
-0.679139 0.109414 1 
-0.398789 0.246301 1 
-0.425829 0.234776 1 
-0.567263 0.219029 1 
-0.317266 0.0424623 1 
-0.805801 0.466389 1 
-0.244511 0.238864 1 
-0.731929 0.157569 1 
-0.629231 0.0201709 1 
-0.260306 0.134266 1 
-0.22172 0.488623 1 
-0.232495 0.232435 1 
-0.582389 0.331625 1 
-0.509517 0.384535 1 
-0.685886 0.231032 1 
-0.624233 0.37836 1 
-0.291733 -0.0465228 1 
-0.609803 0.395133 1 
-0.211721 0.246796 1 
-0.307554 0.373068 1 
-0.212665 0.127826 1 
-0.434853 -0.0595974 1 
-0.639717 0.274305 1 
-0.476755 0.505923 1 
-0.574237 -0.109751 1 
-0.408822 -0.0385327 1 
-0.665379 -0.0160879 1 
-0.55109 0.153581 1 
-0.826317 0.0420969 1 
-0.526307 0.186667 1 
-0.610879 0.4404 1 
-1.05654 0.583802 1 
-0.252333 0.357423 1 
-0.404087 0.174983 1 
-0.496866 0.465068 1 
0.0394447 0.134476 1 
-0.660923 0.0931112 1 
-0.634585 0.204199 1 
-0.330222 0.2185 1 
-0.420384 0.196954 1 
-0.133509 0.161481 1 
-0.852232 0.506495 1 
-0.566708 0.157168 1 
-0.477243 0.105322 1 
-0.565666 0.571463 1 
-0.297557 0.272636 1 
-0.334615 0.345088 1 
-0.482444 0.0084218 1 
-0.496816 0.0768087 1 
-0.508126 0.241216 1 
-0.774847 0.0327519 1 
-0.480708 0.334362 1 
-0.282565 0.555878 1 
-0.272724 -0.0815058 1 
-0.747057 0.261062 1 
-0.281572 0.0668756 1 
-0.736771 0.189994 1 
-0.666609 0.23491 1 
-0.236499 0.0473872 1 
-0.43846 0.0714389 1 
-0.584845 0.0625599 1 
-0.374318 0.163148 1 
-0.519228 0.275912 1 
-0.60804 0.0763386 1 
-0.552795 0.0989026 1 
-0.464975 0.0117851 1 
-0.473755 0.13959 1 
-0.638542 0.0134201 1 
-0.624248 0.177836 1 
-0.568754 0.40596 1 
-0.412215 0.213754 1 
-0.426024 0.202191 1 
-0.449799 0.508963 1 
-0.550362 0.300714 1 
-0.598418 0.574205 1 
-0.308009 -0.0491591 1 
-0.633789 0.0654759 1 
-0.304752 0.313657 1 
-0.189241 0.573605 1 
-0.657038 0.369188 1 
-0.330703 0.534954 1 
-0.44358 -0.19897 1 
-0.569191 -0.0605945 1 
-0.62205 0.781675 1 
-0.648688 0.469884 1 
-0.643494 -0.263073 1 
-0.491687 0.176768 1 
-0.542686 0.224622 1 
-0.657448 0.0919296 1 
-0.40533 0.29834 1 
-0.694033 0.186457 1 
-0.476618 0.0551708 1 
-0.714729 0.376099 1 
-0.644025 0.267354 1 
-0.50928 0.508764 1 
-0.20481 0.0428027 1 
-0.39564 0.162031 1 
-0.650359 0.40132 1 
-0.56909 -0.0696411 1 
-0.683259 0.20831 1 
-0.67146 0.27112 1 
-0.319176 0.295134 1 
-0.318936 0.439359 1 
-0.542601 -0.0637208 1 
-0.366546 0.560361 1 
-0.719949 -0.0247294 1 
