1 20278.415000 5640.3980 1252.1768
1 20279.415000 5640.3979 1252.1768
1 20280.415000 5640.3979 1252.1769
1 20281.415000 5640.3978 1252.1770
1 20282.415000 5640.3977 1252.1770
1 20283.414000 5640.3976 1252.1770
1 20284.414000 5640.3976 1252.1771
1 20285.414000 5640.3975 1252.1771
1 20286.414000 5640.3975 1252.1771
1 20287.414000 5640.3975 1252.1772
1 20288.414000 5640.3976 1252.1771
1 20289.414000 5640.3977 1252.1770
1 20290.414000 5640.3978 1252.1770
1 20291.414000 5640.3979 1252.1769
1 20292.414000 5640.3980 1252.1768
1 20293.414000 5640.3981 1252.1767
1 20294.414000 5640.3981 1252.1766
1 20295.414000 5640.3982 1252.1765
1 20296.414000 5640.3983 1252.1764
1 20297.414000 5640.3984 1252.1764
1 20298.414000 5640.3985 1252.1769
1 20299.414000 5640.3986 1252.1779
1 20300.413000 5640.3988 1252.1793
1 20301.413000 5640.3989 1252.1812
1 20302.413000 5640.3990 1252.1834
1 20303.413000 5640.3989 1252.1852
1 20304.413000 5640.3986 1252.1864
1 20305.413000 5640.3983 1252.1872
1 20306.413000 5640.3981 1252.1875
1 20307.413000 5640.3982 1252.1874
1 20308.413000 5640.3989 1252.1867
1 20309.413000 5640.4005 1252.1857
1 20310.413000 5640.4026 1252.1850
1 20311.413000 5640.4049 1252.1846
1 20312.413000 5640.4073 1252.1844
1 20313.413000 5640.4096 1252.1842
1 20314.413000 5640.4113 1252.1840
1 20315.413000 5640.4126 1252.1840
1 20316.413000 5640.4134 1252.1842
1 20317.413000 5640.4141 1252.1844
1 20318.412000 5640.4147 1252.1844
1 20319.412000 5640.4153 1252.1844
1 20320.412000 5640.4162 1252.1849
1 20321.412000 5640.4171 1252.1865
1 20322.412000 5640.4178 1252.1895
1 20323.412000 5640.4182 1252.1934
1 20324.412000 5640.4185 1252.1980
1 20325.412000 5640.4188 1252.2030
1 20326.412000 5640.4190 1252.2081
1 20327.412000 5640.4192 1252.2129
1 20328.412000 5640.4192 1252.2172
1 20329.412000 5640.4186 1252.2210
1 20330.412000 5640.4172 1252.2242
1 20331.412000 5640.4151 1252.2267
1 20332.412000 5640.4125 1252.2286
1 20333.412000 5640.4097 1252.2299
1 20334.412000 5640.4068 1252.2311
1 20335.411000 5640.4036 1252.2322
1 20336.411000 5640.4003 1252.2334
1 20337.411000 5640.3969 1252.2344
1 20338.411000 5640.3937 1252.2353
1 20339.411000 5640.3904 1252.2362
1 20340.411000 5640.3867 1252.2368
1 20341.411000 5640.3833 1252.2375
1 20342.411000 5640.3803 1252.2380
1 20343.411000 5640.3776 1252.2385
1 20344.411000 5640.3756 1252.2392
1 20345.411000 5640.3745 1252.2396
1 20346.411000 5640.3732 1252.2400
1 20347.411000 5640.3713 1252.2406
1 20348.411000 5640.3684 1252.2416
1 20349.411000 5640.3650 1252.2430
1 20350.411000 5640.3613 1252.2447
1 20351.411000 5640.3573 1252.2465
1 20352.410000 5640.3528 1252.2483
1 20353.410000 5640.3481 1252.2502
1 20354.410000 5640.3435 1252.2519
1 20355.410000 5640.3391 1252.2533
1 20356.410000 5640.3349 1252.2546
1 20357.410000 5640.3309 1252.2558
1 20358.410000 5640.3271 1252.2568
1 20359.410000 5640.3234 1252.2576
1 20360.410000 5640.3198 1252.2584
1 20361.410000 5640.3165 1252.2591
1 20362.410000 5640.3136 1252.2593
1 20363.410000 5640.3113 1252.2593
1 20364.410000 5640.3099 1252.2592
1 20365.410000 5640.3092 1252.2590
1 20366.410000 5640.3088 1252.2587
1 20367.410000 5640.3088 1252.2584
1 20368.410000 5640.3089 1252.2582
1 20369.409000 5640.3089 1252.2583
1 20370.409000 5640.3088 1252.2587
1 20371.409000 5640.3086 1252.2592
1 20372.409000 5640.3084 1252.2597
1 20373.409000 5640.3082 1252.2601
1 20374.409000 5640.3081 1252.2604
1 20375.409000 5640.3079 1252.2606
1 20376.409000 5640.3078 1252.2606
1 20377.409000 5640.3078 1252.2604
1 20378.409000 5640.3081 1252.2601
1 20379.409000 5640.3084 1252.2598
1 20380.409000 5640.3088 1252.2593
1 20381.409000 5640.3092 1252.2589
1 20382.409000 5640.3097 1252.2584
1 20383.409000 5640.3102 1252.2579
1 20384.409000 5640.3106 1252.2575
1 20385.409000 5640.3108 1252.2571
1 20386.408000 5640.3101 1252.2564
1 20387.408000 5640.3088 1252.2544
1 20388.408000 5640.3071 1252.2505
1 20389.408000 5640.3052 1252.2447
1 20390.408000 5640.3032 1252.2379
1 20391.408000 5640.3011 1252.2305
1 20392.408000 5640.2987 1252.2221
1 20393.408000 5640.2961 1252.2127
1 20394.408000 5640.2933 1252.2028
1 20395.408000 5640.2904 1252.1927
1 20396.408000 5640.2876 1252.1827
1 20397.408000 5640.2848 1252.1729
1 20398.408000 5640.2820 1252.1631
1 20399.408000 5640.2792 1252.1534
1 20400.408000 5640.2766 1252.1437
1 20401.408000 5640.2739 1252.1342
1 20402.408000 5640.2714 1252.1247
1 20403.407000 5640.2691 1252.1152
1 20404.407000 5640.2671 1252.1056
1 20405.407000 5640.2655 1252.0959
1 20406.407000 5640.2640 1252.0864
1 20407.407000 5640.2625 1252.0776
1 20408.407000 5640.2609 1252.0695
1 20409.407000 5640.2592 1252.0629
1 20410.407000 5640.2578 1252.0582
1 20411.407000 5640.2568 1252.0556
1 20412.407000 5640.2563 1252.0543
1 20413.407000 5640.2561 1252.0538
1 20414.407000 5640.2562 1252.0539
1 20415.407000 5640.2563 1252.0543
1 20416.407000 5640.2564 1252.0547
1 20417.407000 5640.2565 1252.0550
1 20418.407000 5640.2566 1252.0553
1 20419.406000 5640.2566 1252.0555
1 20420.406000 5640.2566 1252.0556
1 20421.406000 5640.2566 1252.0558
1 20422.406000 5640.2566 1252.0559
1 20423.406000 5640.2565 1252.0559
1 20424.406000 5640.2565 1252.0560
1 20425.406000 5640.2564 1252.0561
1 20426.406000 5640.2563 1252.0562
1 20427.406000 5640.2562 1252.0563
1 20428.406000 5640.2560 1252.0565
1 20429.406000 5640.2559 1252.0566
1 20430.406000 5640.2557 1252.0567
1 20431.406000 5640.2556 1252.0568
1 20432.406000 5640.2556 1252.0570
1 20433.406000 5640.2556 1252.0570
1 20434.406000 5640.2556 1252.0571
1 20435.406000 5640.2556 1252.0571
1 20436.405000 5640.2557 1252.0570
1 20437.405000 5640.2557 1252.0570
1 20438.405000 5640.2557 1252.0569
1 20439.405000 5640.2557 1252.0567
1 20440.405000 5640.2557 1252.0566
1 20441.405000 5640.2558 1252.0564
1 20442.405000 5640.2559 1252.0563
1 20443.405000 5640.2560 1252.0561
1 20444.405000 5640.2561 1252.0560
1 20445.405000 5640.2562 1252.0559
1 20446.405000 5640.2563 1252.0559
1 20447.405000 5640.2564 1252.0559
1 20448.405000 5640.2564 1252.0558
1 20449.405000 5640.2565 1252.0559
1 20450.405000 5640.2564 1252.0559
1 20451.405000 5640.2564 1252.0560
1 20452.405000 5640.2564 1252.0560
1 20453.404000 5640.2563 1252.0561
1 20454.404000 5640.2562 1252.0562
1 20455.404000 5640.2561 1252.0562
1 20456.404000 5640.2560 1252.0562
1 20457.404000 5640.2558 1252.0563
1 20458.404000 5640.2557 1252.0563
1 20459.404000 5640.2556 1252.0564
1 20460.404000 5640.2556 1252.0565
1 20461.404000 5640.2555 1252.0568
1 20462.404000 5640.2556 1252.0571
1 20463.404000 5640.2556 1252.0574
1 20464.404000 5640.2557 1252.0576
1 20465.404000 5640.2558 1252.0578
1 20466.404000 5640.2559 1252.0579
1 20467.404000 5640.2560 1252.0580
1 20468.404000 5640.2562 1252.0580
1 20469.404000 5640.2563 1252.0580
1 20470.403000 5640.2565 1252.0580
1 20471.403000 5640.2567 1252.0579
1 20472.403000 5640.2568 1252.0577
1 20473.403000 5640.2570 1252.0576
1 20474.403000 5640.2572 1252.0575
1 20475.403000 5640.2573 1252.0573
1 20476.403000 5640.2568 1252.0561
1 20477.403000 5640.2557 1252.0535
1 20478.403000 5640.2542 1252.0505
1 20479.403000 5640.2526 1252.0479
1 20480.403000 5640.2513 1252.0460
1 20481.403000 5640.2505 1252.0448
1 20482.403000 5640.2499 1252.0441
1 20483.403000 5640.2497 1252.0436
1 20484.403000 5640.2496 1252.0433
1 20485.403000 5640.2496 1252.0430
1 20486.402000 5640.2493 1252.0425
1 20487.402000 5640.2482 1252.0418
1 20488.402000 5640.2463 1252.0416
1 20489.402000 5640.2437 1252.0427
1 20490.402000 5640.2414 1252.0448
1 20491.402000 5640.2399 1252.0471
1 20492.402000 5640.2384 1252.0499
1 20493.402000 5640.2367 1252.0539
1 20494.402000 5640.2343 1252.0592
1 20495.402000 5640.2315 1252.0660
1 20496.402000 5640.2283 1252.0737
1 20497.402000 5640.2249 1252.0819
1 20498.402000 5640.2215 1252.0901
1 20499.402000 5640.2181 1252.0981
1 20500.402000 5640.2148 1252.1057
1 20501.402000 5640.2119 1252.1126
1 20502.402000 5640.2093 1252.1186
1 20503.401000 5640.2072 1252.1236
1 20504.401000 5640.2058 1252.1271
1 20505.401000 5640.2051 1252.1288
1 20506.401000 5640.2049 1252.1294
1 20507.401000 5640.2049 1252.1295
1 20508.401000 5640.2049 1252.1295
1 20509.401000 5640.2049 1252.1295
1 20510.401000 5640.2047 1252.1302
1 20511.401000 5640.2037 1252.1326
1 20512.401000 5640.2018 1252.1373
1 20513.401000 5640.1992 1252.1437
1 20514.401000 5640.1963 1252.1509
1 20515.401000 5640.1930 1252.1589
1 20516.401000 5640.1892 1252.1682
1 20517.401000 5640.1849 1252.1786
1 20518.401000 5640.1807 1252.1892
1 20519.400000 5640.1764 1252.1998
1 20520.400000 5640.1721 1252.2105
1 20521.400000 5640.1677 1252.2214
1 20522.400000 5640.1632 1252.2325
1 20523.400000 5640.1587 1252.2438
1 20524.400000 5640.1542 1252.2550
1 20525.400000 5640.1498 1252.2661
1 20526.400000 5640.1454 1252.2770
1 20527.400000 5640.1412 1252.2878
1 20528.400000 5640.1369 1252.2984
1 20529.400000 5640.1327 1252.3089
1 20530.400000 5640.1285 1252.3192
1 20531.400000 5640.1243 1252.3295
1 20532.400000 5640.1202 1252.3397
1 20533.400000 5640.1161 1252.3498
1 20534.400000 5640.1121 1252.3596
1 20535.400000 5640.1083 1252.3691
1 20536.399000 5640.1046 1252.3781
1 20537.399000 5640.1011 1252.3866
1 20538.399000 5640.0978 1252.3944
1 20539.399000 5640.0949 1252.4014
1 20540.399000 5640.0924 1252.4072
1 20541.399000 5640.0903 1252.4122
1 20542.399000 5640.0884 1252.4169
1 20543.399000 5640.0865 1252.4216
1 20544.399000 5640.0844 1252.4267
1 20545.399000 5640.0821 1252.4326
1 20546.399000 5640.0795 1252.4392
1 20547.399000 5640.0767 1252.4463
1 20548.399000 5640.0736 1252.4540
1 20549.399000 5640.0701 1252.4623
1 20550.399000 5640.0664 1252.4710
1 20551.399000 5640.0626 1252.4798
1 20552.398000 5640.0584 1252.4892
1 20553.398000 5640.0538 1252.4994
1 20554.398000 5640.0488 1252.5102
1 20555.398000 5640.0437 1252.5215
1 20556.398000 5640.0385 1252.5328
1 20557.398000 5640.0333 1252.5442
1 20558.398000 5640.0279 1252.5558
1 20559.398000 5640.0225 1252.5678
1 20560.398000 5640.0169 1252.5800
1 20561.398000 5640.0115 1252.5921
1 20562.398000 5640.0060 1252.6042
1 20563.398000 5640.0005 1252.6163
1 20564.398000 5639.9949 1252.6288
1 20565.398000 5639.9892 1252.6415
1 20566.398000 5639.9835 1252.6543
1 20567.398000 5639.9778 1252.6670
1 20568.398000 5639.9719 1252.6799
1 20569.397000 5639.9658 1252.6934
1 20570.397000 5639.9593 1252.7075
1 20571.397000 5639.9526 1252.7221
1 20572.397000 5639.9460 1252.7368
1 20573.397000 5639.9395 1252.7513
1 20574.397000 5639.9331 1252.7658
1 20575.397000 5639.9267 1252.7802
1 20576.397000 5639.9204 1252.7943
1 20577.397000 5639.9142 1252.8079
1 20578.397000 5639.9080 1252.8213
1 20579.397000 5639.9019 1252.8345
1 20580.397000 5639.8959 1252.8476
1 20581.397000 5639.8898 1252.8610
1 20582.397000 5639.8835 1252.8747
1 20583.397000 5639.8773 1252.8885
1 20584.397000 5639.8710 1252.9023
1 20585.396000 5639.8648 1252.9161
1 20586.396000 5639.8586 1252.9298
1 20587.396000 5639.8525 1252.9433
1 20588.396000 5639.8465 1252.9569
1 20589.396000 5639.8406 1252.9702
1 20590.396000 5639.8348 1252.9833
1 20591.396000 5639.8292 1252.9960
1 20592.396000 5639.8237 1253.0082
1 20593.396000 5639.8184 1253.0200
1 20594.396000 5639.8134 1253.0315
1 20595.396000 5639.8090 1253.0424
1 20596.396000 5639.8051 1253.0527
1 20597.396000 5639.8015 1253.0620
1 20598.396000 5639.7983 1253.0698
1 20599.396000 5639.7958 1253.0755
1 20600.396000 5639.7942 1253.0792
1 20601.395000 5639.7935 1253.0809
1 20602.395000 5639.7934 1253.0811
1 20603.395000 5639.7936 1253.0807
1 20604.395000 5639.7939 1253.0800
1 20605.395000 5639.7942 1253.0793
1 20606.395000 5639.7944 1253.0787
1 20607.395000 5639.7946 1253.0782
1 20608.395000 5639.7948 1253.0778
1 20609.395000 5639.7949 1253.0774
1 20610.395000 5639.7950 1253.0771
1 20611.395000 5639.7950 1253.0768
1 20612.395000 5639.7951 1253.0765
1 20613.395000 5639.7952 1253.0762
1 20614.395000 5639.7952 1253.0761
1 20615.395000 5639.7952 1253.0761
1 20616.395000 5639.7953 1253.0761
1 20617.395000 5639.7952 1253.0761
1 20618.394000 5639.7952 1253.0762
1 20619.394000 5639.7952 1253.0762
1 20620.394000 5639.7953 1253.0761
1 20621.394000 5639.7953 1253.0760
1 20622.394000 5639.7953 1253.0759
1 20623.394000 5639.7952 1253.0758
1 20624.394000 5639.7950 1253.0758
1 20625.394000 5639.7949 1253.0758
1 20626.394000 5639.7948 1253.0757
1 20627.394000 5639.7947 1253.0756
1 20628.394000 5639.7947 1253.0756
1 20629.394000 5639.7947 1253.0756
1 20630.394000 5639.7947 1253.0758
1 20631.394000 5639.7948 1253.0761
1 20632.394000 5639.7945 1253.0771
1 20633.394000 5639.7936 1253.0799
1 20634.393000 5639.7921 1253.0844
1 20635.393000 5639.7907 1253.0902
1 20636.393000 5639.7897 1253.0964
1 20637.393000 5639.7896 1253.1029
1 20638.393000 5639.7908 1253.1094
1 20639.393000 5639.7935 1253.1153
1 20640.393000 5639.7971 1253.1210
1 20641.393000 5639.8012 1253.1271
1 20642.393000 5639.8052 1253.1333
1 20643.393000 5639.8090 1253.1388
1 20644.393000 5639.8128 1253.1429
1 20645.393000 5639.8172 1253.1449
1 20646.393000 5639.8222 1253.1441
1 20647.393000 5639.8281 1253.1415
1 20648.393000 5639.8350 1253.1383
1 20649.393000 5639.8423 1253.1351
1 20650.392000 5639.8501 1253.1319
1 20651.392000 5639.8585 1253.1286
1 20652.392000 5639.8675 1253.1251
1 20653.392000 5639.8768 1253.1215
1 20654.392000 5639.8858 1253.1180
1 20655.392000 5639.8947 1253.1146
1 20656.392000 5639.9034 1253.1114
1 20657.392000 5639.9119 1253.1082
1 20658.392000 5639.9201 1253.1051
1 20659.392000 5639.9282 1253.1022
1 20660.392000 5639.9362 1253.0995
1 20661.392000 5639.9441 1253.0966
1 20662.392000 5639.9522 1253.0933
1 20663.392000 5639.9608 1253.0898
1 20664.392000 5639.9697 1253.0862
1 20665.392000 5639.9786 1253.0827
1 20666.392000 5639.9873 1253.0793
1 20667.391000 5639.9959 1253.0760
1 20668.391000 5640.0045 1253.0728
1 20669.391000 5640.0129 1253.0697
1 20670.391000 5640.0212 1253.0666
1 20671.391000 5640.0294 1253.0636
1 20672.391000 5640.0375 1253.0606
1 20673.391000 5640.0455 1253.0575
1 20674.391000 5640.0535 1253.0545
1 20675.391000 5640.0614 1253.0516
1 20676.391000 5640.0692 1253.0488
1 20677.391000 5640.0764 1253.0463
1 20678.391000 5640.0826 1253.0443
1 20679.391000 5640.0877 1253.0429
1 20680.391000 5640.0917 1253.0420
1 20681.391000 5640.0948 1253.0414
1 20682.391000 5640.0968 1253.0410
1 20683.390000 5640.0977 1253.0408
1 20684.390000 5640.0980 1253.0406
1 20685.390000 5640.0979 1253.0406
1 20686.390000 5640.0976 1253.0406
1 20687.390000 5640.0973 1253.0406
1 20688.390000 5640.0968 1253.0408
1 20689.390000 5640.0963 1253.0409
1 20690.390000 5640.0959 1253.0409
1 20691.390000 5640.0955 1253.0409
1 20692.390000 5640.0951 1253.0407
1 20693.390000 5640.0948 1253.0406
1 20694.390000 5640.0945 1253.0404
1 20695.390000 5640.0942 1253.0403
1 20696.390000 5640.0941 1253.0402
1 20697.390000 5640.0940 1253.0401
1 20698.390000 5640.0939 1253.0399
1 20699.389000 5640.0939 1253.0399
1 20700.389000 5640.0938 1253.0399
1 20701.389000 5640.0944 1253.0398
1 20702.389000 5640.0961 1253.0394
1 20703.389000 5640.0988 1253.0387
1 20704.389000 5640.1018 1253.0379
1 20705.389000 5640.1053 1253.0368
1 20706.389000 5640.1096 1253.0353
1 20707.389000 5640.1150 1253.0331
1 20708.389000 5640.1212 1253.0303
1 20709.389000 5640.1277 1253.0274
1 20710.389000 5640.1345 1253.0244
1 20711.389000 5640.1417 1253.0216
1 20712.389000 5640.1489 1253.0189
1 20713.389000 5640.1560 1253.0164
1 20714.389000 5640.1630 1253.0142
1 20715.388000 5640.1696 1253.0119
1 20716.388000 5640.1761 1253.0096
1 20717.388000 5640.1822 1253.0073
1 20718.388000 5640.1879 1253.0051
1 20719.388000 5640.1931 1253.0031
1 20720.388000 5640.1978 1253.0013
1 20721.388000 5640.2023 1252.9997
1 20722.388000 5640.2066 1252.9982
1 20723.388000 5640.2110 1252.9967
1 20724.388000 5640.2158 1252.9952
1 20725.388000 5640.2210 1252.9934
1 20726.388000 5640.2264 1252.9914
1 20727.388000 5640.2321 1252.9892
1 20728.388000 5640.2377 1252.9870
1 20729.388000 5640.2433 1252.9848
1 20730.388000 5640.2487 1252.9827
1 20731.387000 5640.2542 1252.9807
1 20732.387000 5640.2598 1252.9786
1 20733.387000 5640.2654 1252.9766
1 20734.387000 5640.2708 1252.9746
1 20735.387000 5640.2762 1252.9727
1 20736.387000 5640.2815 1252.9709
1 20737.387000 5640.2867 1252.9691
1 20738.387000 5640.2919 1252.9673
1 20739.387000 5640.2973 1252.9653
1 20740.387000 5640.3026 1252.9632
1 20741.387000 5640.3077 1252.9611
1 20742.387000 5640.3125 1252.9591
1 20743.387000 5640.3173 1252.9571
1 20744.387000 5640.3222 1252.9552
1 20745.387000 5640.3274 1252.9533
1 20746.387000 5640.3327 1252.9513
1 20747.387000 5640.3377 1252.9495
1 20748.386000 5640.3427 1252.9476
1 20749.386000 5640.3478 1252.9456
1 20750.386000 5640.3530 1252.9437
1 20751.386000 5640.3582 1252.9417
1 20752.386000 5640.3634 1252.9397
1 20753.386000 5640.3684 1252.9378
1 20754.386000 5640.3732 1252.9360
1 20755.386000 5640.3776 1252.9344
1 20756.386000 5640.3815 1252.9328
1 20757.386000 5640.3852 1252.9315
1 20758.386000 5640.3882 1252.9308
1 20759.386000 5640.3902 1252.9307
1 20760.386000 5640.3912 1252.9310
1 20761.386000 5640.3914 1252.9311
1 20762.386000 5640.3914 1252.9312
1 20763.386000 5640.3914 1252.9313
1 20764.385000 5640.3921 1252.9317
1 20765.385000 5640.3937 1252.9329
1 20766.385000 5640.3963 1252.9357
1 20767.385000 5640.3995 1252.9394
1 20768.385000 5640.4031 1252.9423
1 20769.385000 5640.4072 1252.9432
1 20770.385000 5640.4116 1252.9411
1 20771.385000 5640.4159 1252.9362
1 20772.385000 5640.4203 1252.9295
1 20773.385000 5640.4248 1252.9224
1 20774.385000 5640.4296 1252.9159
1 20775.385000 5640.4345 1252.9103
1 20776.385000 5640.4394 1252.9059
1 20777.385000 5640.4437 1252.9028
1 20778.385000 5640.4472 1252.9008
1 20779.385000 5640.4503 1252.8993
1 20780.384000 5640.4531 1252.8982
1 20781.384000 5640.4558 1252.8971
1 20782.384000 5640.4583 1252.8963
1 20783.384000 5640.4608 1252.8954
1 20784.384000 5640.4636 1252.8944
1 20785.384000 5640.4669 1252.8932
1 20786.384000 5640.4707 1252.8918
1 20787.384000 5640.4747 1252.8902
1 20788.384000 5640.4787 1252.8886
1 20789.384000 5640.4824 1252.8871
1 20790.384000 5640.4860 1252.8858
1 20791.384000 5640.4894 1252.8846
1 20792.384000 5640.4929 1252.8834
1 20793.384000 5640.4964 1252.8822
1 20794.384000 5640.5001 1252.8809
1 20795.384000 5640.5038 1252.8796
1 20796.383000 5640.5072 1252.8783
1 20797.383000 5640.5103 1252.8772
1 20798.383000 5640.5132 1252.8762
1 20799.383000 5640.5159 1252.8752
1 20800.383000 5640.5186 1252.8742
1 20801.383000 5640.5218 1252.8730
1 20802.383000 5640.5256 1252.8716
1 20803.383000 5640.5298 1252.8701
1 20804.383000 5640.5339 1252.8689
1 20805.383000 5640.5376 1252.8676
1 20806.383000 5640.5410 1252.8665
1 20807.383000 5640.5442 1252.8654
1 20808.383000 5640.5472 1252.8644
1 20809.383000 5640.5503 1252.8631
1 20810.383000 5640.5538 1252.8615
1 20811.383000 5640.5577 1252.8593
1 20812.382000 5640.5620 1252.8560
1 20813.382000 5640.5665 1252.8518
1 20814.382000 5640.5712 1252.8469
1 20815.382000 5640.5756 1252.8420
1 20816.382000 5640.5797 1252.8374
1 20817.382000 5640.5831 1252.8335
1 20818.382000 5640.5857 1252.8305
1 20819.382000 5640.5874 1252.8285
1 20820.382000 5640.5881 1252.8277
1 20821.382000 5640.5883 1252.8277
1 20822.382000 5640.5883 1252.8278
1 20823.382000 5640.5882 1252.8279
1 20824.382000 5640.5881 1252.8280
1 20825.382000 5640.5880 1252.8282
1 20826.382000 5640.5879 1252.8283
1 20827.382000 5640.5877 1252.8284
1 20828.381000 5640.5876 1252.8285
1 20829.381000 5640.5875 1252.8287
1 20830.381000 5640.5874 1252.8289
1 20831.381000 5640.5873 1252.8292
1 20832.381000 5640.5872 1252.8296
1 20833.381000 5640.5871 1252.8301
1 20834.381000 5640.5871 1252.8304
1 20835.381000 5640.5871 1252.8306
1 20836.381000 5640.5871 1252.8307
1 20837.381000 5640.5871 1252.8308
1 20838.381000 5640.5871 1252.8308
1 20839.381000 5640.5871 1252.8309
1 20840.381000 5640.5871 1252.8310
1 20841.381000 5640.5870 1252.8310
1 20842.381000 5640.5870 1252.8311
1 20843.381000 5640.5870 1252.8312
1 20844.380000 5640.5870 1252.8313
1 20845.380000 5640.5870 1252.8315
1 20846.380000 5640.5870 1252.8316
1 20847.380000 5640.5871 1252.8317
1 20848.380000 5640.5871 1252.8317
1 20849.380000 5640.5871 1252.8316
1 20850.380000 5640.5874 1252.8312
1 20851.380000 5640.5884 1252.8297
1 20852.380000 5640.5902 1252.8273
1 20853.380000 5640.5922 1252.8238
1 20854.380000 5640.5939 1252.8193
1 20855.380000 5640.5948 1252.8142
1 20856.380000 5640.5948 1252.8088
1 20857.380000 5640.5938 1252.8033
1 20858.380000 5640.5916 1252.7976
1 20859.380000 5640.5885 1252.7917
1 20860.380000 5640.5845 1252.7852
1 20861.379000 5640.5801 1252.7782
1 20862.379000 5640.5755 1252.7713
1 20863.379000 5640.5708 1252.7643
1 20864.379000 5640.5657 1252.7572
1 20865.379000 5640.5603 1252.7504
1 20866.379000 5640.5544 1252.7440
1 20867.379000 5640.5483 1252.7378
1 20868.379000 5640.5422 1252.7317
1 20869.379000 5640.5362 1252.7256
1 20870.379000 5640.5304 1252.7195
1 20871.379000 5640.5248 1252.7135
1 20872.379000 5640.5195 1252.7077
1 20873.379000 5640.5145 1252.7021
1 20874.379000 5640.5100 1252.6970
1 20875.379000 5640.5057 1252.6922
1 20876.379000 5640.5009 1252.6873
1 20877.378000 5640.4955 1252.6819
1 20878.378000 5640.4900 1252.6761
1 20879.378000 5640.4844 1252.6703
1 20880.378000 5640.4789 1252.6646
1 20881.378000 5640.4736 1252.6589
1 20882.378000 5640.4685 1252.6533
1 20883.378000 5640.4636 1252.6478
1 20884.378000 5640.4590 1252.6421
1 20885.378000 5640.4547 1252.6369
1 20886.378000 5640.4500 1252.6322
1 20887.378000 5640.4450 1252.6273
1 20888.378000 5640.4401 1252.6223
1 20889.378000 5640.4352 1252.6173
1 20890.378000 5640.4305 1252.6123
1 20891.378000 5640.4261 1252.6073
1 20892.378000 5640.4221 1252.6021
1 20893.377000 5640.4178 1252.5967
1 20894.377000 5640.4131 1252.5913
1 20895.377000 5640.4083 1252.5864
1 20896.377000 5640.4038 1252.5822
1 20897.377000 5640.3997 1252.5793
1 20898.377000 5640.3964 1252.5775
1 20899.377000 5640.3940 1252.5767
1 20900.377000 5640.3924 1252.5765
1 20901.377000 5640.3915 1252.5767
1 20902.377000 5640.3914 1252.5770
1 20903.377000 5640.3916 1252.5771
1 20904.377000 5640.3918 1252.5772
1 20905.377000 5640.3913 1252.5774
1 20906.377000 5640.3896 1252.5777
1 20907.377000 5640.3867 1252.5779
1 20908.377000 5640.3829 1252.5785
1 20909.376000 5640.3787 1252.5797
1 20910.376000 5640.3741 1252.5816
1 20911.376000 5640.3686 1252.5844
1 20912.376000 5640.3622 1252.5874
1 20913.376000 5640.3555 1252.5904
1 20914.376000 5640.3489 1252.5934
1 20915.376000 5640.3421 1252.5964
1 20916.376000 5640.3352 1252.5994
1 20917.376000 5640.3284 1252.6022
1 20918.376000 5640.3216 1252.6048
1 20919.376000 5640.3148 1252.6075
1 20920.376000 5640.3082 1252.6102
1 20921.376000 5640.3018 1252.6128
1 20922.376000 5640.2959 1252.6151
1 20923.376000 5640.2903 1252.6171
1 20924.376000 5640.2855 1252.6184
1 20925.375000 5640.2815 1252.6189
1 20926.375000 5640.2784 1252.6191
1 20927.375000 5640.2759 1252.6196
1 20928.375000 5640.2733 1252.6209
1 20929.375000 5640.2702 1252.6238
1 20930.375000 5640.2666 1252.6287
1 20931.375000 5640.2628 1252.6348
1 20932.375000 5640.2587 1252.6415
1 20933.375000 5640.2546 1252.6483
1 20934.375000 5640.2505 1252.6548
1 20935.375000 5640.2466 1252.6611
1 20936.375000 5640.2427 1252.6675
1 20937.375000 5640.2390 1252.6738
1 20938.375000 5640.2356 1252.6801
1 20939.375000 5640.2329 1252.6860
1 20940.375000 5640.2307 1252.6909
1 20941.374000 5640.2289 1252.6951
1 20942.374000 5640.2271 1252.6993
1 20943.374000 5640.2249 1252.7041
1 20944.374000 5640.2223 1252.7100
1 20945.374000 5640.2192 1252.7170
1 20946.374000 5640.2159 1252.7250
1 20947.374000 5640.2122 1252.7337
1 20948.374000 5640.2084 1252.7424
1 20949.374000 5640.2043 1252.7511
1 20950.374000 5640.2003 1252.7599
1 20951.374000 5640.1961 1252.7692
1 20952.374000 5640.1919 1252.7791
1 20953.374000 5640.1877 1252.7891
1 20954.374000 5640.1835 1252.7991
1 20955.374000 5640.1792 1252.8090
1 20956.374000 5640.1748 1252.8189
1 20957.373000 5640.1705 1252.8289
1 20958.373000 5640.1661 1252.8388
1 20959.373000 5640.1618 1252.8485
1 20960.373000 5640.1576 1252.8580
1 20961.373000 5640.1534 1252.8671
1 20962.373000 5640.1495 1252.8759
1 20963.373000 5640.1456 1252.8844
1 20964.373000 5640.1420 1252.8928
1 20965.373000 5640.1384 1252.9011
1 20966.373000 5640.1349 1252.9093
1 20967.373000 5640.1313 1252.9174
1 20968.373000 5640.1276 1252.9257
1 20969.373000 5640.1239 1252.9341
1 20970.373000 5640.1203 1252.9423
1 20971.373000 5640.1167 1252.9499
1 20972.373000 5640.1132 1252.9566
1 20973.372000 5640.1099 1252.9622
1 20974.372000 5640.1069 1252.9668
1 20975.372000 5640.1046 1252.9706
1 20976.372000 5640.1031 1252.9733
1 20977.372000 5640.1025 1252.9745
1 20978.372000 5640.1023 1252.9747
1 20979.372000 5640.1022 1252.9747
1 20980.372000 5640.1020 1252.9747
1 20981.372000 5640.1018 1252.9749
1 20982.372000 5640.1017 1252.9751
1 20983.372000 5640.1015 1252.9753
1 20984.372000 5640.1014 1252.9755
1 20985.372000 5640.1014 1252.9756
1 20986.372000 5640.1015 1252.9757
1 20987.372000 5640.1015 1252.9758
1 20988.372000 5640.1016 1252.9758
1 20989.371000 5640.1017 1252.9757
1 20990.371000 5640.1020 1252.9754
1 20991.371000 5640.1023 1252.9752
1 20992.371000 5640.1027 1252.9750
1 20993.371000 5640.1031 1252.9748
1 20994.371000 5640.1035 1252.9747
1 20995.371000 5640.1039 1252.9745
1 20996.371000 5640.1043 1252.9743
1 20997.371000 5640.1046 1252.9742
1 20998.371000 5640.1048 1252.9741
1 20999.371000 5640.1050 1252.9740
1 21000.371000 5640.1051 1252.9738
1 21001.371000 5640.1052 1252.9738
1 21002.371000 5640.1053 1252.9738
1 21003.371000 5640.1054 1252.9738
1 21004.371000 5640.1054 1252.9738
1 21005.370000 5640.1053 1252.9737
1 21006.370000 5640.1053 1252.9735
1 21007.370000 5640.1051 1252.9733
1 21008.370000 5640.1049 1252.9732
1 21009.370000 5640.1047 1252.9732
1 21010.370000 5640.1044 1252.9731
1 21011.370000 5640.1043 1252.9730
1 21012.370000 5640.1042 1252.9729
1 21013.370000 5640.1040 1252.9729
1 21014.370000 5640.1039 1252.9729
1 21015.370000 5640.1038 1252.9728
1 21016.370000 5640.1037 1252.9728
1 21017.370000 5640.1036 1252.9729
1 21018.370000 5640.1035 1252.9731
1 21019.370000 5640.1035 1252.9732
1 21020.370000 5640.1035 1252.9732
1 21021.369000 5640.1036 1252.9732
1 21022.369000 5640.1036 1252.9732
1 21023.369000 5640.1035 1252.9733
1 21024.369000 5640.1034 1252.9732
1 21025.369000 5640.1033 1252.9731
1 21026.369000 5640.1031 1252.9728
1 21027.369000 5640.1030 1252.9725
1 21028.369000 5640.1026 1252.9726
1 21029.369000 5640.1016 1252.9738
1 21030.369000 5640.0997 1252.9755
1 21031.369000 5640.0972 1252.9762
1 21032.369000 5640.0947 1252.9753
1 21033.369000 5640.0920 1252.9730
1 21034.369000 5640.0891 1252.9694
1 21035.369000 5640.0858 1252.9648
1 21036.369000 5640.0823 1252.9598
1 21037.368000 5640.0788 1252.9547
1 21038.368000 5640.0752 1252.9496
1 21039.368000 5640.0719 1252.9445
1 21040.368000 5640.0686 1252.9396
1 21041.368000 5640.0655 1252.9348
1 21042.368000 5640.0626 1252.9303
1 21043.368000 5640.0600 1252.9262
1 21044.368000 5640.0577 1252.9227
1 21045.368000 5640.0559 1252.9201
1 21046.368000 5640.0548 1252.9185
1 21047.368000 5640.0541 1252.9176
1 21048.368000 5640.0535 1252.9167
1 21049.368000 5640.0526 1252.9155
1 21050.368000 5640.0518 1252.9144
1 21051.368000 5640.0513 1252.9135
1 21052.368000 5640.0510 1252.9130
1 21053.367000 5640.0508 1252.9127
1 21054.367000 5640.0509 1252.9126
1 21055.367000 5640.0511 1252.9126
1 21056.367000 5640.0515 1252.9122
1 21057.367000 5640.0518 1252.9115
1 21058.367000 5640.0522 1252.9109
1 21059.367000 5640.0526 1252.9105
1 21060.367000 5640.0529 1252.9102
1 21061.367000 5640.0530 1252.9100
1 21062.367000 5640.0526 1252.9095
1 21063.367000 5640.0513 1252.9093
1 21064.367000 5640.0497 1252.9104
1 21065.367000 5640.0486 1252.9121
1 21066.367000 5640.0481 1252.9133
1 21067.367000 5640.0478 1252.9139
1 21068.367000 5640.0477 1252.9141
1 21069.366000 5640.0477 1252.9143
1 21070.366000 5640.0476 1252.9144
1 21071.366000 5640.0476 1252.9144
1 21072.366000 5640.0475 1252.9144
1 21073.366000 5640.0474 1252.9144
1 21074.366000 5640.0474 1252.9143
1 21075.366000 5640.0474 1252.9142
1 21076.366000 5640.0473 1252.9143
1 21077.366000 5640.0472 1252.9145
1 21078.366000 5640.0471 1252.9147
1 21079.366000 5640.0471 1252.9148
1 21080.366000 5640.0471 1252.9149
1 21081.366000 5640.0471 1252.9150
1 21082.366000 5640.0471 1252.9150
1 21083.366000 5640.0470 1252.9153
1 21084.366000 5640.0469 1252.9155
1 21085.365000 5640.0469 1252.9156
1 21086.365000 5640.0469 1252.9154
1 21087.365000 5640.0470 1252.9149
1 21088.365000 5640.0471 1252.9143
1 21089.365000 5640.0472 1252.9138
1 21090.365000 5640.0473 1252.9134
1 21091.365000 5640.0474 1252.9130
1 21092.365000 5640.0475 1252.9126
1 21093.365000 5640.0476 1252.9122
1 21094.365000 5640.0477 1252.9118
1 21095.365000 5640.0478 1252.9116
1 21096.365000 5640.0477 1252.9115
1 21097.365000 5640.0475 1252.9114
1 21098.365000 5640.0474 1252.9115
1 21099.365000 5640.0472 1252.9116
1 21100.365000 5640.0471 1252.9117
1 21101.364000 5640.0469 1252.9118
1 21102.364000 5640.0467 1252.9119
1 21103.364000 5640.0466 1252.9120
